-0.88	-0.83	0.73	-0.39	-0.78	-1.93	-0.12	0.14	1.25	0.89	0.35	0.88	-0.02	-0.37	-0.74	-0.42	0.83	2.27
2.51	0.52	1.22	-2.98	-2.34	-2.52	0.09	-0.09	1.88	2.48	1.57	-0.71	-1.72	-1.82	-1.07	-1.03	0.43	1.66
0.5	-0.34	0.48	0.45	1.25	1.33	-0.23	-1.56	-1.88	-2.23	0.51	0.96	-0.51	-0.04	1.08	1.71	-0.74	-1.11
0.02	0.25	0.4	0.8	-0.46	0.26	2.01	1.5	1.09	-0.63	-1.79	-0.71	-0.38	-1.61	1.12	-1.87	0.24	0.18
-0.73	-0.89	1.98	1.09	0.85	-1.06	-0.83	-0.52	-2.38	-1	0.29	1.18	0.78	0.95	0.32	-0.1	0.43	-0.29
-1.17	-0.83	2.31	2.69	2.28	-0.69	-1.51	-4.12	-3.36	-0.63	1.63	3.08	1.8	1.28	-0.27	-1.43	-0.37	-1.19
-0.86	0.32	1.22	1.15	0.5	-0.69	-1.01	-0.32	-1.6	-0.27	-0.7	1.94	0.02	-0.21	-0.34	1.18	-0.74	0.76
-1.12	0.36	-0.23	-2.19	-2.59	-2.92	-0.98	-0.25	3.01	1.32	2.11	-0.45	0.69	-0.7	0.21	2.27	0.64	1.98
-3.28	-1.8	-0.67	-1.09	-2.42	-2.92	-0.19	2.31	5.2	5.77	3.23	3.8	0.29	-0.99	-3.08	-1.67	-0.7	1.55
-5	-4.27	-4.55	-0.59	4.2	2.5	2.75	1.65	-1.45	-2.77	-3.58	-0.03	3.72	5.98	4.77	5.16	0.61	0.08
-3.91	-5.53	-3.05	-1.58	3.38	4.15	2.93	1.65	-1.8	-1.36	-3.84	-0.56	3.23	5.86	4.33	5.2	0.21	-0.25
-1.95	-2.66	-0.23	0.8	1.71	0.59	0.8	-0.05	-1.33	0.23	-0.54	1.68	0.91	1.48	1.63	-0.18	0.28	-0.29
-0.78	-0.43	0.78	0.34	-2.49	-3.73	-2.25	0.49	1.09	3.92	1.89	2.66	0.42	-0.99	-2.38	0.86	-1.32	2.24
-0.18	-0.92	1.05	0.48	1.96	-0.29	1.33	0.14	0.08	-0.24	-0.32	-1.01	-0.6	0.29	0.65	-1.43	0.1	-1.19
-0.95	-1.18	2.89	3.53	1.74	-1.24	-2.33	-0.32	-4.18	1.86	0.29	1.33	1.54	1.03	-1.65	-0.22	-1.9	-0.79
0.26	-1.09	-1.3	-0.65	-0.6	1.4	0.27	0.57	-0.12	0.63	-1.28	-0.48	-0.47	1.32	0.46	0.26	1.37	0.9
0.36	-0.06	-0.31	0.02	-0.03	-1.71	-0.66	-0.56	-0.27	0.13	-0.16	1.6	0.38	1.07	0.43	0.1	-0.41	0.26
-1.05	0.43	0.75	0.16	0.14	-0.1	0.91	0.99	-1.8	0.49	-1.34	0.16	0.02	1.44	-0.52	1.46	-1.1	-0.21
-0.56	0.3	1.05	-0.3	-0.21	-1.79	-1.33	-0.98	-0.23	-0.6	1.12	-0.29	-1.09	-0.12	0.83	4.04	-0.19	0.11
-1.36	-1.09	0.34	-1.61	0.07	-0.29	0.84	0.57	1.37	0.09	0.29	1.9	-1.45	-1.16	0.83	1.59	-0.01	0.69
-1.61	-0.94	1.79	2.11	-0.53	-2.37	-2.08	-1.72	-1.52	2.04	1.12	3.61	0.64	0.78	-1.65	0.86	-1.36	1.23
-2.12	-0.7	1.33	3.19	-0.85	1.18	-3.71	-1.21	-2.03	0.38	1.31	4.78	-0.65	0.21	-0.6	0.26	-1.61	0.9
-1.49	-0.67	0.62	2.52	-0.85	-1.75	-2.01	-1.72	-1.56	2.55	0.74	3.27	0.64	0.66	-1.29	1.46	-1.32	0.69
-0.22	-0.45	0.07	0.28	1.74	0.45	-0.55	-1.52	-0.63	-1.03	0.29	-5.03	-0.69	0.37	1.52	2.31	-1.03	-0.72
-0.08	-0.45	-0.48	-0.04	1.14	0.04	0.55	0.49	-0.94	0.41	-2.85	0.84	0.15	1.07	1.49	-0.79	0.21	0.18
-5.73	-5.88	-4.06	-0.45	5.26	6.02	2.15	1.57	-1.41	-1.18	-2.43	0.01	4.12	4.79	5.03	2.67	0.32	-0.86
-4.39	-4.18	-3.71	0.05	5.26	3.31	2.18	0.41	-1.76	-2.8	-3.65	-0.29	4.08	6.07	4.59	2.27	1.3	-0.65
-2.92	1.33	-2.01	-6.49	-6.08	-2.12	2.29	2.85	6.17	0.38	1.57	1.79	-3.37	4.17	-0.67	0.18	5.34	0.83
0.99	0.98	1.22	0.4	-0.21	-0.62	-1.01	-1.02	-1.52	-0.2	-1.15	0.88	0.15	0.25	-1.18	2.51	-1.79	-0.03
-3.28	-2.33	-1.13	-4.11	-4.44	-6.77	-2.01	1.42	4.53	5.59	4.38	4.29	1.13	1.48	-1.11	0.82	2.39	4.15
3.8	2.37	3.27	0.92	0.46	-1.82	-3.89	-4.19	-3.32	-0.63	0.26	1.07	1.54	0.41	-1.47	0.62	-3.91	-0.21
-0.15	-1.29	-1.79	-2.22	-1.85	-0.43	0.12	0.68	0.59	0.56	1.34	1.94	-0.07	0.49	0.21	2.07	-0.19	2.31
-2.21	-0.63	1.05	1.96	1.39	0.45	-0.48	-0.4	-3.48	0.7	-0.64	1.94	2.16	1.53	-1.22	0.62	-1.5	-0.03
-1.97	0.14	2.89	2.17	-0.46	-0.87	-2.54	-2.49	-4.92	0.89	4	4.33	1.98	0.37	-1.36	-0.42	-3.62	0.87
-1.17	4.05	0.97	0.19	-0.5	-0.62	-0.76	-0.63	-2.66	-1.94	-0.13	1.49	0.38	-0.58	0.35	0.74	-1.65	0.4
1.81	0.74	-1.63	-0.07	-2.13	-3.58	-2.01	-2.1	-0.86	1.28	2.85	1.86	0.29	0.66	1.23	-1.47	0.46	1.3
-0.49	-1.36	-0.72	-0.8	0.36	-0.51	0.55	0.8	0.31	0.6	-0.26	-0.37	-1.63	0.16	1.3	1.42	1.59	0.58
-0.52	-0.67	0.64	0.86	0.75	-0.03	-0.02	-0.13	-0.94	0.16	0.06	0.27	0.29	0.41	-0.34	-0.66	0.5	-0.5
-2.79	-1.8	3.24	4.73	3.88	0.56	-1.83	-3.61	-5	-2.23	1.92	4.97	4.61	1.73	0.21	-2.07	-2.89	-3.13
-0.27	-0.63	-1.24	-2.13	-3.23	-4.43	-0.9	1.15	6.21	3.24	2.81	1.07	0.02	-0.58	-3.92	1.26	1.52	1.77
-1.85	-2.11	-1.16	-1.78	-1.92	-3.69	-0.69	3.36	5.55	5.08	3.52	2.74	-0.2	-1.45	-2.79	-0.95	-0.7	2.06
-0.35	-0.52	0.62	-1.09	-1.53	-2.48	0.05	1.34	0.9	1.64	-0.35	0.05	-0.69	0.45	-0.27	1.63	0.35	1.05
-0.61	0.25	1.14	-3.62	0.14	-0.8	-0.23	-0.09	-0.16	0.96	0.13	0.54	-0.43	1.69	-0.19	0.86	0.28	0.9
-0.2	-1.51	-0.94	-1.2	0.18	0.26	-0.44	2.27	-0.86	-0.71	-0.13	0.35	0.15	1.53	1.45	1.38	0.72	-0.14
-1.32	2.42	1.55	1.15	-2.45	-1.46	-0.12	-0.63	-0.63	-1.14	-0.83	0.58	-1.27	0.78	2.03	1.34	-0.74	2.06
-1.02	0.08	0.45	-0.24	-0.6	-2.52	-0.83	1.26	0.94	0.41	1.06	0.84	-1.9	-1.03	-0.27	1.55	0.14	1.77
0.89	-0.61	1.14	-0.91	0.25	0.12	-1.58	-0.05	-2.46	0.56	0.13	1.14	-0.11	1.24	-0.78	-0.46	0.79	0.54
4.14	3.67	-3.6	-2.45	-5.37	-3.29	-6.55	-0.09	-8.52	0.85	3.23	5.01	4.92	1.9	1.45	1.46	1.08	0.15
-1.12	0.1	1.08	0.83	1.71	0.08	0.34	-0.71	-2.46	-0.81	-0.45	1.07	0.69	0.41	1.12	1.1	-1.9	-0.9
0.31	-0.48	0.56	-1.87	-1.38	-1.71	-0.05	1.19	0.94	0.78	0.67	0.8	-0.38	0.33	-0.01	0.94	-0.16	0.15
-1.44	-1.34	1.74	-1.87	-4.09	-4.46	-3.28	1.5	3.87	3.31	2.91	1.86	-0.92	0.7	-2.2	0.94	1.52	2.78
0.09	0.16	1.71	-0.04	0.29	-1.06	-1.05	-0.25	-0.98	0.23	-0.19	1.22	-0.25	0	-0.49	-0.06	-0.7	0.58
-0.18	-1.11	-1.24	-1.29	-0.03	0.74	1.19	1.57	0.47	-1.47	-1.18	-0.64	0.42	0.66	0.21	1.51	1.15	1.26
-2.24	-2.81	-1.41	-0.53	1.6	0.45	2.54	-0.05	0.98	1.28	-0.61	0.8	0.82	0.08	1.19	0.78	0.32	0.54
0.02	0.08	1.49	0.05	0.04	-1.28	0.66	0.37	0.27	-0.85	0.64	-0.98	-0.34	-0.66	0.39	-1.19	1.26	-0.9
0.45	0.56	0.21	0.4	-0.14	-1.31	-0.19	-0.83	-0.16	0.67	-0.32	0.5	0.51	0	-0.92	-0.18	-0.67	0.72
1.35	1.86	1.14	0.08	-1.42	-0.21	-1.54	-0.71	-0.51	1.36	1.09	-0.18	-0.87	-1.24	-1.43	-0.18	-1.28	-0.11
0.31	1.75	2.29	-0.36	-1.7	-1.28	1.37	1.46	2.97	1.97	3.29	3.19	0.33	-1.57	-3.11	-5.04	-4.16	-4.28
-1.73	2.64	0.59	-2.31	-1.81	0.12	1.47	1.03	0.78	-0.42	-0.74	-2	-2.25	0.12	1.81	1.38	1.41	-0.25
-1	0.54	3.52	2.69	0.82	-1.35	-1.19	-3.65	-2.93	0.23	1.89	2.85	2.29	-0.54	-2.13	-1.15	-1.47	-1.47
-0.71	0.36	0.26	-1	0.96	-0.8	0.02	-0.28	-0.94	-0.06	0.58	0.01	0.15	1.11	0.5	-0.06	0.35	-0.32
5.98	0.76	-1.24	-0.33	-2.06	-0.73	-2.08	-0.86	-4.34	-0.38	1.28	0.92	0.15	0.12	-2.09	2.15	-0.78	0.36
0.31	0.63	0.81	-1.03	-0.53	-1.9	1.47	0.03	0.82	0.6	-0.8	-1.01	-0.16	-0.46	0.35	-0.22	0.75	-0.25
-0.35	3.06	4.56	3.13	1.57	-1.31	-1.62	-3.73	-2.85	-0.96	-0.45	0.31	0.51	-2.35	-0.81	-1.27	-0.56	-1.58
-0.06	2.46	3.49	2.43	1.14	-1.71	-0.73	-3.54	-2.23	-0.53	-0.16	0.16	0.38	-1.2	-0.56	-0.99	-1.07	-1.19
0.26	-0.61	0.51	-0.39	0.68	0.08	1.05	-0.05	0.31	-1	0.38	0.01	-0.74	0.25	0.65	0.22	-0.19	-1.37
7.14	1.09	-1.16	-1.9	-2.2	-1.42	-2.96	-2.22	-2.03	-1.36	1.22	1.41	0.78	1.15	-0.27	0.82	-1.14	-0.25
-1.68	-0.54	1.49	3.33	0.36	0.23	-1.37	0.65	-3.63	-1.5	0.35	1.3	1	0.37	-0.6	2.31	-0.52	-1.51
-1.82	-1.75	-0.48	-0.27	0.36	0.52	1.05	1.73	0.86	-0.09	0.19	-0.86	-0.65	0.54	0.97	1.06	1.08	-0.03
0.14	0.28	0.43	0.08	-0.28	0.19	0.09	0.22	-0.08	0.2	-0.7	-0.22	0.51	0.74	-1.36	-1.15	0.72	0.54
0.02	-0.45	0.26	-0.71	0	-1.64	0.76	1.42	0.94	-0.34	0.54	-1.09	-0.87	-0.04	1.01	-0.22	1.05	-0.47
-0.15	0.47	0.4	0.31	-0.89	-0.03	-0.87	-0.98	0.31	-1.03	1.34	0.39	-0.16	-0.58	-0.16	0.9	-0.56	0.62
-0.64	-1.8	-0.97	-1.61	-0.92	-2.26	1.26	1.38	3.24	1.25	1.69	-1.36	-1.23	-1.57	0.68	-0.22	3.81	1.05
-0.49	0.96	-0.4	0.13	-1.14	0.7	-0.69	-1.21	-0.35	1.86	-0.7	1.03	-0.02	-0.21	-2.06	1.22	0.28	0.98
-0.3	0.3	0.18	-0.65	-3.55	-1.31	-2.75	0.68	1.72	3.02	2.75	1.18	-1.36	-0.99	-1.98	1.71	0.14	1.01
-2.87	-0.34	1.49	2.02	0.64	0.34	-2.61	-1.72	-1.76	-2.04	0.61	3.11	2.87	2.31	0.54	1.22	-1.28	-1.15
-0.03	0.36	0.67	0.13	0.14	0.81	0.05	1.3	0.51	-1.14	-1.09	-1.05	-1.63	-0.21	-0.3	1.26	-0.37	0.04
-2.96	-1.53	3.6	4.38	2.13	1.03	-2.22	-2.53	-3.17	-3.17	2.14	4.78	2.56	0.58	-1.25	-0.18	-1.98	-1.91
-1.41	-0.03	1.77	2.69	0.22	1.47	-1.33	-0.83	-1.95	-0.38	0.61	0.96	0.42	0.49	-0.81	-0.38	-1.18	-0.86
-0.59	0.32	1.9	2.6	1.49	0.78	-0.02	-2.07	-2.58	-0.85	-0.26	1.03	1.58	0.29	-0.45	-2.23	-0.45	-1.76
5.76	3.3	1.82	-0.74	-1.42	-1.09	0.05	0.1	-0.39	-1.83	-1.57	-3.33	-1.05	0.29	-2.49	-2.27	-0.78	-0.03
4.38	2.37	1.25	-1.14	-0.25	-1.13	-0.09	1.11	0.35	-1.5	-0.1	-3.74	-0.56	-0.37	-0.56	-1.47	-1.14	-1.65
2.88	0.56	0.26	-0.16	0.5	-0.69	-0.48	-1.14	-1.09	1.28	-0.48	0.24	-1.09	-1.16	-1.07	-0.42	0.06	-0.39
-1.78	-2.24	-2.23	-0.04	0.46	1.58	-0.16	0.41	-0.98	-4.54	-1.25	0.16	2.78	3.42	3.24	3.8	1.66	0.26
0.41	0.47	1.16	1.01	0.22	-1.28	-0.27	-1.17	-0.16	0.23	0.67	0.2	0.73	0	-0.96	-1.07	-1.36	-0.18
-0.81	-0.72	-0.15	0.8	2.21	0.81	1.01	-0.9	-1.33	-0.42	-0.61	1.11	1.85	1.28	0.32	-0.79	-1.65	-1.04
-0.71	-1.36	-0.31	0.22	1.92	1.07	1.62	-0.71	-0.47	-1.32	-0.8	0.65	1.13	1.57	0.94	0.54	-1.25	-1.04
-2.16	-0.3	1.79	3.07	0.53	0.45	-1.69	-0.09	0.47	-1.79	0	1.75	1.13	-0.58	-0.01	0.74	-2.23	-0.79
-1.41	-0.78	0.29	1.7	-0.42	0.04	-1.86	-1.33	0.19	0.45	2.46	1.71	0.69	0.7	-0.92	0.78	-1.28	-0.36
-1.32	-0.23	0.64	1.76	0.71	0.81	-1.65	-0.67	-0.43	-0.81	0.64	1.33	1.71	0.29	-0.16	-0.18	-1.65	-0.43
-1.56	0.03	0.34	0.95	-0.03	0.3	-1.54	-0.36	1.25	-1.43	1.28	0.84	1.45	-0.41	-0.63	0.34	1.08	-0.25
-0.86	2.5	-0.91	-1.64	-1.28	-2.01	-1.3	-1.76	-1.09	3.45	4.13	2.81	1.18	-0.41	-1.07	-1.51	-1.87	0.47
4.43	-1	-0.72	-0.74	-1.03	0.34	-1.4	-4	-3.44	2.33	2.88	2.85	1.85	1.2	-0.74	-2.03	-0.99	-1.33
-1.7	-0.19	0.45	-0.36	-0.46	-1.28	0.8	-0.52	0.98	1.25	1.79	1.18	1.67	-0.54	-0.52	-1.91	-0.16	0.26
-0.42	1.03	0.95	-0.51	-0.42	-1.61	-0.02	-0.36	0.12	0.52	1.28	0.31	-0.96	-0.99	0.21	0.14	-0.41	-0.03
-0.95	-0.28	1.57	2.4	0.68	-0.07	-0.66	-0.86	-1.88	-0.2	0.64	1.68	0.91	-0.08	-0.74	-1.23	-0.34	-1.19
-0.78	-0.21	-0.42	0.86	0.78	1.18	-0.87	0.34	0.59	-1.5	0.26	-0.37	0.2	1.28	0.06	1.06	-1.07	-0.57
-1.22	-0.83	1.74	3.07	2.31	0.19	-0.23	-2.8	-3.01	-1	0.67	3.27	3.01	0.29	-0.41	-1.95	-1.58	-1.65
0.53	0.23	1.79	1.62	0.89	-1.39	0.09	-2.22	-1.06	0.16	-0.38	-0.11	-0.25	-0.74	-1.11	-0.91	-0.67	0.44
-2.41	-0.43	-2.09	-1.26	-2.49	-0.07	-3.64	-1.52	-1.92	4.14	6.3	3.34	1.4	1.77	-0.19	0.62	-0.16	0.8
-0.88	0.14	1.68	-0.07	-0.03	0.45	-0.55	-0.48	-0.12	1.1	-0.22	0.73	-1.27	-0.7	-0.27	-0.14	0.57	-0.47
-2.09	-0.54	1.08	1.35	0.96	0.34	-2.5	-0.36	-1.41	-1.61	1.98	1.52	0.33	1.2	0.13	1.75	-0.81	-0.47
-0.69	-0.01	0.7	1.21	0.64	1.25	0.55	0.34	-2.11	0.23	-0.7	0.24	0.24	0.21	0.13	-0.06	0.46	-0.5
-0.39	2.37	0.4	-0.8	-0.18	-2.04	-0.41	0.41	1.37	-0.71	1.15	0.69	0.73	1.2	0.43	0.02	-1.54	0.44
-0.27	0.69	0.97	1.35	-0.32	-1.09	-2.01	-0.44	-0.08	-0.56	1.31	-0.07	-0.56	-0.46	0.17	0.9	-0.74	-0.03
-1.17	-0.39	-0.26	-0.68	-0.57	0.59	1.97	0.88	0.7	0.2	-0.48	-0.71	-1.45	0.37	0.54	1.42	-0.34	0.51
-3.62	-0.5	-3.54	-5.68	-5.4	-6.81	-0.02	2.04	6.1	5.77	4.99	3.27	3.14	-0.33	-0.56	-0.95	2.1	4.25
-0.35	0.43	-1.68	-4.23	-1.88	-5.09	-1.9	-4.54	-3.01	5.66	7.07	5.27	4.79	1.24	0.61	-0.58	-2.45	1.95
-0.06	0.23	0.97	0.98	-0.07	-1.5	-2.54	-0.21	1.76	0.09	2.53	0.35	-0.78	-1.28	-1.14	0.14	-0.99	0.33
5.25	0.39	1.3	0.83	0.29	-1.2	-0.9	-1.83	-0.74	-0.81	0.54	0.73	-0.87	-1.53	-1.33	-1.99	-0.45	-1.87
-1.41	0.98	-0.97	-2.07	0.14	0.89	1.97	1.42	0.94	-0.6	-0.42	-1.54	-1.58	0.62	1.19	1.63	-0.05	-0.21
-1.75	-1.78	1.41	3.04	2.88	0.85	-2.54	-3.23	-1.6	-2.51	3.1	4.14	2.65	1.36	-0.12	0.1	-2.74	-2.3
-1.9	-1.05	0.64	0.6	1.6	1.73	0.69	0.03	-1.33	-2.19	-0.99	0.2	1.18	1.32	1.34	-0.1	0.28	-0.32
-0.73	-0.43	-1.24	-0.88	-0.82	0.41	0.76	0.26	0.35	0.13	-0.96	0.05	0.11	0.29	0.17	0.54	1.26	0.69
0.07	-0.59	-0.45	1.3	1.57	-0.29	-0.09	-1.91	-0.39	-1.1	0.19	0.46	0.64	0.82	0.43	-0.22	0.32	-0.61
-3.13	-1.45	-0.97	-2.54	-0.78	0.15	-0.19	2.62	2.73	2.33	1.28	-0.22	-3.72	-4.5	-0.63	2.91	2.36	1.91
-1.07	-1.58	-1.98	-1.87	-0.6	-0.4	1.3	0.84	1.45	0.56	0.35	0.27	0.29	1.24	0.83	1.18	1.52	0.72
-0.18	-0.52	-0.67	-0.04	-1.31	-0.51	-1.72	-0.52	1.21	1.79	1.73	0.24	-0.16	-0.21	-0.45	0.54	-0.05	1.34
-0.03	2.24	0.59	-0.19	-1.7	-1.61	-2.25	-0.56	2.27	0.7	1.73	0.24	0.56	0.04	-0.63	0.62	-0.48	0.54
-3.67	-3.37	-3.76	0.13	4.52	4.19	3.07	-0.32	-0.7	-2.59	-2.46	-0.94	4.17	4.5	4.04	1.22	0.28	-1.47
-3.55	-4.98	-3.92	-0.77	4.87	4.3	3.68	0.3	-0.9	-2.95	-2.94	-1.7	4.17	5.36	5.43	2.31	0.68	-1.19
0.11	0.52	0.78	1.01	-1.03	-0.84	-0.48	0.76	1.21	-1.14	0.35	1.03	-1.54	0.58	-3.08	-1.67	-1.79	2.02
-0.13	-0.67	0.04	-0.56	0.93	0.37	1.65	-0.48	-0.08	-0.71	-0.64	-1.7	-0.2	0.54	1.67	0.82	0.43	-0.65
0.04	-0.01	-0.2	-0.88	-0.14	-1.09	1.76	-0.01	1.48	0.6	0.22	-0.9	0.33	-1.24	0.72	-0.95	0.75	-0.39
-0.54	-0.28	0.81	1.03	-0.07	0.48	0.2	-0.32	-0.27	-1.07	1.41	1.07	0.91	-0.62	-0.12	-0.95	-0.16	-1.65
-1.1	-1.82	-0.29	0.31	1.53	2.21	0.91	-0.63	-0.63	-1.83	1.15	0.96	2.16	0.82	1.16	-0.91	-0.27	-1.83
-0.39	-1.11	-1.49	-0.01	0.11	1.25	1.4	2.74	-0.43	-1.18	-1.47	-0.94	0.69	-0.37	0.83	-0.46	1.88	-0.97
-1	-1.09	0.37	0.8	1.89	-0.58	-1.51	-2.18	0.12	-0.45	3.55	0.08	0.24	-0.25	1.27	1.02	-1.87	-1.19
1.45	-1.11	1.05	1.33	0.53	-2.45	-3.89	-3.81	-1.76	-0.81	5.02	2.58	3.01	-0.33	2.25	-0.38	-2.56	-1.15
-0.13	0.14	-0.53	0.77	-1.35	0.81	-1.58	0.22	0.86	-0.63	0.96	-0.18	0.47	0.29	-0.56	0.74	-0.52	0.4
0.26	1.4	1.66	1.01	0.89	-1.64	-0.55	-2.76	-1.52	0.92	0.19	-0.11	1.63	0.12	-0.7	-1.63	-0.63	-0.57
0.19	-1.07	-0.86	-0.68	-0.42	0.26	0.91	0.57	0.59	1.39	-0.38	-1.36	-1.05	0.25	0.35	0.86	0.68	0.76
0.28	-0.48	0.07	-0.36	-1.99	-0.47	0.23	-1.68	-0.74	-0.67	0.06	0.46	2.16	0.66	1.7	-0.06	-0.01	-0.93
-0.49	-1.38	0.29	0.31	1.25	1.58	-0.09	-1.1	-1.21	0.38	-0.42	0.65	-0.2	0.49	0.68	0.38	0.39	-0.65
0.72	0.74	0.73	1.01	1.46	-0.47	0.48	-1.17	-0.39	-0.74	0.19	-1.17	0.33	-0.33	0.35	-1.31	-1.07	-0.9
-1.63	-0.23	-0.29	0.34	-0.53	0.96	-1.79	0.61	0.59	1.21	0.99	0.43	-0.07	-0.08	0.06	1.26	-0.27	-0.54
-0.81	-0.17	0.56	2.63	2.56	1.77	0.69	-2.14	-1.72	-1.03	-0.93	0.31	1.67	0.08	0.13	-1.63	-0.85	-1.51
-0.66	-0.76	-1.13	-0.77	-1.67	-1.31	-0.87	-0.32	1.13	2.22	1.73	0.39	0.38	0.49	0.65	1.79	-0.67	0.94
-0.66	-0.08	-0.15	1.09	0.82	0.48	-0.37	0.3	-1.25	-0.31	-0.26	0.96	1.22	-0.21	-0.27	-0.95	0.97	-1.04
-0.03	0.83	-0.75	-0.21	-0.92	0.3	0.27	-0.05	-0.51	0.16	-0.86	0.27	0.56	0.25	0.83	0.34	0.86	-0.21
-2.79	-0.89	0.56	-1.2	-1.21	2.17	1.51	1.42	0	-2.55	-0.74	-0.67	-0.43	1.03	2.11	3.63	-0.05	-0.9
5.71	5.28	6.23	6.15	6.12	2.76	0.3	1.03	0.23	-3.67	-1.89	-5.75	-6.27	-5.94	-5.19	-5.33	-6.31	-5.65
-2.07	-0.85	0.67	0.25	1.46	-0.4	-1.79	-0.21	0.78	0.99	2.08	3.8	3.63	1.98	0.79	0.22	-3.36	-3.38
-0.78	-1.14	0.53	0.74	2.21	1.36	1.15	0.26	-0.7	-0.16	-0.8	0.54	1.45	0.49	0.9	-0.34	0.28	-0.32
-0.06	-0.08	0.86	-0.71	-2.45	0.56	0.37	-0.4	0.74	-0.81	3.45	-0.45	-0.69	-1.61	-0.7	-0.79	0.06	-0.57
-1.66	0.47	-0.42	1.91	0.39	0.85	-0.98	-0.01	0.19	-2.04	-0.42	1.26	0.73	0.91	0.43	0.82	-0.52	-1.22
-0.52	1.11	0.86	2.37	-0.1	0.63	-1.58	-0.94	-0.74	-1.21	0.03	1.03	1.22	0.04	-0.63	-0.66	-0.99	-1.15
-4.27	-0.65	0.43	3.13	1.21	1.14	-2.04	-0.98	-2.07	-0.89	2.46	3.72	2.16	1.15	0.32	0.54	-2.01	-1.4
-3.96	1.8	4.06	2.23	-0.46	-0.14	-2.18	-2.38	-0.31	0.63	1.22	1.14	0.29	0.29	-1.11	-0.42	-1.76	-0.18
-1.44	-0.17	2.12	2.58	0.68	-2.08	-2.04	-1.87	1.05	-0.42	1.47	2.7	0.15	-0.66	0.35	-1.87	-0.96	-0.54
-1.22	-0.89	-1.02	-0.85	0.5	0.56	2.43	1.73	0.47	-0.27	-1.34	-1.47	0.64	0.66	1.74	0.34	0.83	-0.68
-0.39	0.43	-0.07	0.45	-0.6	-0.91	-0.37	-0.05	-0.2	0.09	0.06	0.69	-0.25	-1.69	1.49	-0.3	0.79	0.33
-0.61	0.47	1.3	0.34	-4.05	-1.53	-4.31	4.01	0.59	3.56	2.46	2.4	-0.47	-0.5	-2.02	0.02	-0.23	1.88
0.26	0.56	1.96	1.47	-1.14	-1.75	-1.47	-1.14	-0.35	0.89	1.82	1.3	0.82	-0.66	-1.07	-1.83	-1.79	0.33
-0.88	-1.38	-1.38	0.16	1.35	0.81	1.9	0.65	0	-0.74	-0.74	-0.6	0.6	0.78	1.19	0.54	0.64	-0.83
1.04	0.23	1.03	1.88	2.35	1.69	1.15	-0.25	-1.29	-2.01	-1.57	-0.83	-0.16	-0.12	0.03	-1.35	-0.52	-2.95
1.45	2.37	2.34	2.31	1	-0.4	-0.05	-0.59	-1.6	-0.96	-1.12	-0.37	-1.32	-1.9	-1.36	-1.63	-1.25	-1.19
-1.1	-0.72	1.03	0.48	1	0.48	0.94	-0.67	-1.33	-1.1	-0.45	0.58	0.33	1.28	1.23	0.62	0.32	-1.04
-0.86	-0.28	1.22	0.74	1.17	-0.73	0.23	-1.33	-0.27	0.13	0.74	0.39	1.22	0.16	-0.16	-1.03	-0.41	-1.01
-2.67	-2.77	-0.56	-0.71	-0.67	-1.17	0.76	1.26	2.73	1.61	1.54	0.12	-0.47	-0.46	1.34	0.78	2.39	0.4
-2.14	-0.17	2.89	2.23	-0.53	0.04	-3.92	-1.14	-0.63	0.09	3.23	3.72	0.02	-0.12	-1.14	0.3	-2.23	-1.11
-2.43	-0.36	2.72	2.52	-1.78	0.34	-2.75	-1.48	-1.56	1.21	2.72	3.76	0.06	0.29	-1.47	-0.5	-1.14	-0.47
-0.18	-0.7	-1.57	2.05	-0.25	0.37	1.33	3.7	0	-0.96	1.66	-0.52	-1.99	-1.2	1.38	2.99	-1.47	3.25
-0.95	-0.81	2.61	2.63	-0.57	-1.13	-1.22	-2.34	-1.52	0.05	2.21	2.43	1.4	-0.17	0.21	-0.87	-1.07	-1.73
-5.56	1.18	2.04	4.67	1.78	1.99	-1.62	-2.1	-4.42	-3.38	0.16	5.16	4.34	4.74	0.79	-0.18	-3.51	-3.06
-3.23	-1.42	-1.38	0.45	0.61	2.28	1.12	1.69	0.16	0.2	0.13	0.39	0.33	1.32	-0.12	1.26	-0.27	-0.25
0.09	-0.74	0.23	-0.16	0.93	1.11	0.3	-0.56	-1.56	-0.85	0.54	0.46	-0.29	0.74	0.65	-0.34	0.28	-0.72
1.25	0.05	0.32	-0.3	0.14	-1.86	1.15	0.99	-0.7	-1.21	-0.58	-0.94	-0.78	0.87	1.01	-0.26	0.39	-0.32
2.32	0.25	-0.15	-0.71	0.29	0.81	-1.08	0.41	-0.55	-2.59	-0.1	-0.29	-0.16	0.33	1.08	1.55	-0.48	-1.8
-1.92	-2.13	-1.71	-0.71	0.85	2.72	1.62	1.81	0.47	-1.07	-1.15	-1.85	-0.25	0.99	2.4	1.51	1.81	0.15
-0.93	2.31	-0.89	-0.45	-1.92	1.25	0.52	2.31	1.05	-0.13	-0.29	-0.83	-1.45	-1.03	-1.33	-0.02	0.32	0.76
-3.55	-1.58	2.89	4.38	2.53	1.69	-2.75	-2.65	-4.22	-1.97	1.06	4.74	3.05	1.44	0.06	0.42	-1.9	-2.52
-0.88	1.62	0.53	-1.58	-3.7	2.1	2.08	2.85	0.86	-0.74	-0.32	-0.75	-2.39	-1.57	-0.3	2.11	-0.56	0.08
-1.39	1.03	2.75	3.94	2.17	1.51	-1.69	-3.5	-3.05	-1.68	0.58	3	1.05	0.41	-0.34	-0.54	-3.14	-3.17
-2.94	-0.48	3.65	4	1.81	0.63	-3.28	-3.19	-3.13	0.27	2.78	3	1.45	-0.17	-0.34	-2.19	-1.21	-1.62
-1.02	-0.56	-0.42	1.76	0.85	1.47	-0.87	0.1	-0.39	-2.7	-0.38	0.8	1.49	1.57	0.94	0.46	-0.81	-1.11
2.22	0.52	-0.4	-3.59	-1.14	-2.74	-2.72	-4.19	-6.57	-3.89	0.93	6.07	5.86	4.41	2.65	2.31	1.96	-0.79
-2.72	-1.78	-2.91	-1.26	-1.81	-0.43	-0.9	0.22	0.55	1.9	1.54	1.68	2.03	1.86	1.45	1.59	1.59	1.95
0.04	-0.87	-0.09	1.21	0.78	0.15	0.16	-0.21	-0.9	-0.16	-0.1	1.03	0.6	0.21	-0.74	-0.62	0.32	-0.47
0.99	3.34	4.86	2.37	0	-1.17	-0.9	-1.76	-1.17	-1.1	-0.86	-1.28	-1.05	-1.36	-1.95	-1.95	-0.67	-1.8
-0.47	-0.65	0.04	0.08	-0.1	-0.58	-0.27	-0.52	-1.09	-0.89	-0.06	1.45	1.49	1.32	1.08	0.54	0.54	-0.75
-1.56	0.1	1.25	1.18	0.64	1.07	-1.54	-0.21	-0.08	-0.63	0.22	0.5	0.91	0.7	-0.96	0.22	-1.07	-0.43
-2.26	-0.3	2.4	2.4	-0.85	0.04	-2.79	-1.29	-1.52	1.72	2.88	3.83	-0.16	-0.08	-1.62	-0.71	-1.69	-0.5
-1.15	-0.43	2.86	2.14	0.22	-1.28	-2.93	-0.94	-0.23	-0.02	-0.48	2.74	0.38	0.45	0.39	1.1	-2.3	-1.22
-0.52	-0.5	0.78	-0.04	0.71	0.74	0.37	-0.79	-0.74	-0.74	1.89	0.2	-0.38	0.54	0.28	-0.75	-0.23	-0.93
0.26	1.05	2.07	-0.51	1.53	-2.96	-1.15	-1.02	-1.76	-0.67	2.91	1.49	1	0.74	-0.49	-2.47	-1.25	-1.19
5.3	3.28	0.29	-1.81	2.24	-3.91	-3.57	-2.99	-0.7	0.96	1.12	0.31	-0.07	-2.27	-1.65	-2.55	1.45	1.62
-1.12	-1.93	-1.65	-0.53	0.68	0.34	2.18	0.76	1.13	-0.24	-0.22	-0.6	0.24	0.04	1.16	1.22	1.01	0.26
-0.39	0.72	0.59	0.92	-0.57	0.85	-1.47	-0.63	0.59	1.21	0.61	0.43	-0.47	-0.87	-1.76	-0.46	-0.3	0.15
-0.69	0.52	1.05	1.65	0.75	0.48	-0.66	-0.44	-0.78	0.52	-0.58	0.99	0.15	0.21	-0.34	-0.87	-2.52	-0.18
-2.55	0.1	2.91	2.55	-1.06	0.04	-3.04	-1.52	-1.64	1.28	2.65	4.02	-1.18	-0.25	-1.47	-0.46	-1.39	0
-2.38	-1.23	2.64	2.34	-0.78	-0.47	-3	-1.29	-1.29	-0.71	2.97	3.38	0.78	0.12	-0.96	0.06	-1.76	-0.36
-1.44	-0.14	1.9	2.69	-0.85	-0.07	-2.54	-2.07	-1.06	1.03	1.69	3.34	0.06	-0.37	-1.07	-0.46	-1.54	0.11
-1	-0.48	1.44	2.72	0	-1.39	-1.44	-2.34	-1.56	1.46	1.54	3.11	1	-0.54	-1.43	-0.66	-1.61	0.44
-0.83	-0.83	-0.67	-0.1	-1.85	0.19	-1.26	0.37	0.82	2.08	1.15	0.96	-0.02	-0.46	-0.01	1.14	-0.56	1.08
0.11	2.19	1.63	0.66	-0.53	-0.47	-1.15	-0.59	-2.35	0.13	-0.67	0.65	-0.11	-0.5	-0.3	-1.11	0.06	-0.5
-1.22	0.58	1.25	1.96	-0.25	-0.54	-1.37	-0.98	-0.59	-0.96	0.61	1.94	0.42	0.37	0.13	-0.3	-0.96	-0.72
-0.32	0.03	0.86	-0.24	0.36	1	2.54	0.84	0.39	-0.67	-1.18	-0.26	-2.03	-1.32	-0.6	0.42	-0.01	-0.29
-1.07	-0.59	-0.94	0.54	0	-0.47	1.26	0.84	0.94	0.38	-0.48	-0.03	0.24	-0.29	0.17	0.1	0.39	0.15
-1.53	-1.29	-1.85	-1.73	-2.34	-0.03	-0.34	1.42	2.3	2.98	1.66	0.43	-1.45	0.08	-0.27	2.51	0.06	2.02
-2.53	-1.03	-3.87	-3	-2.88	0.81	3.39	3.67	3.52	1.43	-0.77	-1.81	-2.92	-0.41	1.52	2.55	4.25	2.16
-0.64	-1.2	0.18	0.13	2.06	0.74	1.37	-0.67	2.15	-1.18	0.1	0.27	0.47	0.33	1.16	0.06	0.1	-2.01
5.93	-1	-2.8	-3.7	-2.34	-5.12	-4.46	-5.4	-4.81	-0.31	3.84	6.94	7.11	4	2.95	1.46	0.17	-1.73
8.45	5.77	4.61	1.35	-4.44	-3.33	-5.2	-4.47	-3.79	-1.28	0.1	-0.03	0.06	-1.4	-1.73	-2.67	-1.83	-0.79
0.48	3.03	3.35	2.98	0.46	-0.29	-3.39	-2.3	-2.15	-2.04	0.26	0.2	-0.16	-1.36	-0.49	-0.1	-1.28	-1.73
-1.92	-0.23	1.49	1.88	-1.14	0.45	-2.47	-1.41	-1.56	0.99	1.18	2.7	1.49	1.48	-0.05	-0.22	-1.36	-0.83
2.49	1.97	1.66	-1.29	-3.16	-7.58	-5.2	-5.01	-3.17	0.63	3.71	4.29	4.79	4.41	2.43	-1.39	-0.96	-0.9
-0.13	-0.08	-0.4	1.03	-0.78	1.14	-1.12	0.1	-0.12	-0.53	0	1.26	0.56	0.08	-0.74	0.18	-0.27	0.08
-0.42	-0.28	1.22	0.37	1.14	0.81	-0.34	-0.01	0.27	-1.61	-0.48	0.27	0.33	-0.04	-0.81	0.78	-1.69	1.37
0.09	0.1	0.45	0.37	-0.39	0.3	-0.44	0.61	-0.12	-0.38	-0.06	0.12	-0.78	0	0.06	0.62	-0.85	-0.07
-0.49	-0.3	0.12	0.19	-0.42	0.41	-0.34	0.8	0.19	1.57	0.13	1.14	-0.16	-0.54	-1.11	-0.62	-0.05	-0.21
-1.8	-0.19	-0.2	0.83	-0.21	0.04	0.3	0.53	-1.25	-1.25	1.12	-1.05	1.67	-0.5	3.71	0.78	-0.16	-1.37
-0.59	-0.14	-1.71	-1.35	0.11	0.67	1.55	1.54	-0.08	-0.56	-1.82	-1.39	0.56	-0.29	1.85	0.86	2.47	0
-0.47	-0.32	-1.41	-2.22	-1.21	-2.26	-0.37	1.85	3.44	1.93	0.29	0.69	-2.48	-1.03	0.35	-0.5	2.06	2.74
-0.35	1.14	0.12	-0.33	0.07	0.15	1.55	-0.36	-0.82	-0.24	-1.06	-0.41	0.11	-0.41	0.68	0.14	0.06	-0.61
1.91	0.87	-1.05	-0.04	-2.17	0.41	-0.87	1.19	0.19	0.85	-0.19	0.08	-0.74	0.04	-1.73	-0.71	0.17	0.54
-0.27	0.39	1.05	1.76	0.71	1.11	0.41	0.61	-2.35	-1.21	0.1	0.92	0.91	0.95	-0.34	-0.95	-3.98	-0.61
-0.66	0.74	-0.01	-1.52	-1.81	2.35	3.85	1.69	-0.94	0.09	-1.89	-1.05	-1.36	-0.46	0.24	0.74	0.35	-0.18
0.43	0.01	0.32	0.63	0.43	0.19	-1.22	0.92	-0.35	-1.43	0.58	0.96	-0.02	-0.33	-0.05	0.38	-0.63	-1.22
0.72	-0.61	-0.4	-0.51	-0.21	0.41	-0.9	-1.17	-0.66	0.52	0.58	1.33	-2.03	0.41	2.03	0.9	-1.21	0.72
-1.8	-0.48	-0.23	1.01	0.82	1.88	1.05	0.1	-0.78	0.05	-0.61	-0.29	0.96	0.74	0.5	-0.54	-0.52	-0.57
-0.56	-0.3	0.26	0.08	-1.21	-0.36	-1.97	0.57	1.17	-0.24	2.81	1.11	-0.96	-0.21	-0.08	0.9	-1.25	0.33
-1.07	-0.87	0.15	1.03	0.82	0.59	-1.9	-0.52	-0.39	-1.28	2.01	1.86	0.56	0.82	0.83	1.06	-2.2	-0.65
0.26	-0.5	0.12	0.08	0.29	0.37	0.27	0.41	-0.12	-0.56	-0.32	-0.37	-0.34	-0.41	0.46	-0.46	0.94	-0.14
-0.06	-0.74	-0.53	0.1	0.11	0.26	0.87	0.53	-0.23	0.74	-1.28	0.08	0.64	0.16	0.17	-0.26	0.94	-0.54
-0.56	-0.96	-1.33	-0.39	1.1	0.45	1.72	-0.05	0.04	-0.06	-1.6	-0.48	0.78	0.87	0.76	0.7	0.83	0.11
-2.62	-2.09	-0.5	0.6	2.06	1.33	0.09	1.15	0.51	-1.75	0.29	0.05	1.36	1.73	1.74	1.67	-0.7	-1.51
-0.52	0.89	0.89	-0.07	-0.03	0.3	-0.12	-0.94	0.23	-0.67	-0.32	-0.83	0.51	-0.25	0.83	0.3	-0.48	-0.21
-1.58	-1.69	0.59	0.77	0.29	-0.18	-0.3	-1.68	-1.76	-2.8	-0.8	1.75	3.19	3.47	2.22	2.59	-1.18	-0.25
0.28	0.21	-1.93	-1.46	-2.2	1.25	-0.23	0.53	2.97	0.81	-1.06	-0.71	-0.25	0.58	-0.38	1.46	0.54	0.9
-2.96	0.01	0.1	0.05	-2.31	0.63	-3.99	-4.5	-3.48	0.6	2.75	6.07	3.99	3.05	0.9	1.34	0.83	-0.29
-0.52	0.43	0.21	0.6	-0.25	-0.4	-1.54	0.03	-0.51	-1.14	1.28	2.17	1.18	0.41	-0.08	0.02	-1.07	-0.36
0.24	-1.11	-0.4	-1.29	-3.23	-2.12	-5.02	8.58	-4.46	-0.42	2.4	3.42	2.47	1.98	0.32	0.66	-0.74	-1.29
-0.32	1.53	-1.6	-2.74	-0.18	1.62	3.39	-0.48	-0.66	-0.34	-0.19	-0.71	-1.67	-0.74	1.27	1.38	0.54	-0.11
-0.78	2.39	0.73	-1.35	-1.31	-0.47	-0.69	-0.48	1.29	1.72	1.09	-0.29	-1.01	-1.57	-1.11	-0.14	-0.41	0.8
-2.31	-0.59	0.18	0.37	-0.82	-1.5	-2.93	-1.45	-1.13	0.2	3.52	3.49	3.32	1.44	1.01	0.46	-1.1	-0.5
0.41	0.14	-0.15	-1.93	-3.13	-2.04	-2.22	2	3.87	1.17	2.62	0.69	-1.32	-1.03	-0.38	0.58	0.68	-3.64
-0.54	0.19	-0.48	-0.3	1.25	0.41	1.01	-0.32	-0.39	-0.34	-1.25	0.5	0.69	0	0.24	0.62	0.21	-0.65
-4.56	-2	-3.4	-3.18	-3.34	-0.25	1.51	4.63	4.14	0.81	1.44	-0.03	-0.74	0.12	1.59	3.92	2.57	2.88
-4.35	0.87	5.76	5.1	0.71	0.52	-2.61	-2.99	-3.05	-0.53	3.58	5.39	1.85	-0.25	-2.75	-2.27	-3.76	-2.01
-1.41	-0.12	-1.3	-0.13	0.04	1.47	0.23	0.53	-0.04	0.81	-0.99	-0.71	0.42	1.36	0.35	1.38	0.06	-0.21
0.55	-0.78	0.7	-0.65	0.46	-0.95	0.48	-0.9	0.27	-0.27	0.64	0.01	-0.07	0.41	1.16	-0.14	0.32	-1.15
0.24	-0.56	-1.57	-1.52	-2.59	-2.52	-0.27	1.85	4.34	1.28	2.62	-0.83	-2.43	-1.12	0.1	1.83	0.79	1.19
0.16	0.23	0.18	-0.16	1.14	-0.69	0.55	0.14	1.17	-0.45	-1.02	-0.64	-0.78	-0.08	1.7	-0.83	-0.96	1.66
1.23	-0.25	0.23	-0.91	-1.1	-1.68	0.16	-0.4	1.02	0.45	0.16	0.2	-0.16	-0.7	-0.7	-0.06	1.26	0.87
1.88	0.92	-0.31	0.22	0	0.89	-0.19	1.3	0.78	-0.56	-0.51	-1.89	-1.14	0.41	-0.45	-2.27	0.39	-1.19
-1.29	-1.25	2.01	2.34	1.78	1.11	-0.44	-1.76	-2.19	-1.47	1.22	1.98	1.54	1.36	0.1	-1.39	-0.74	-2.63
-0.81	1.82	0.4	1.21	0.75	1.14	-0.73	0.1	0.16	0.23	-0.19	0.5	0.06	0.37	-1.22	-0.38	-0.99	-0.68
-2.75	0.08	-1.38	-1.64	-2.77	0.48	0.37	1.46	2.07	2.95	1.09	0.35	-0.56	-1.24	-0.23	1.26	1.7	0.9
-0.69	-1.16	0.43	0.22	0.71	-0.25	-0.73	0.34	-0.66	-0.96	0.67	-1.32	1.18	0.21	1.38	1.38	-1.32	-0.39
-0.78	-1.34	2.31	3.21	4.05	1.58	1.05	-3.61	-5.86	-2.04	0.42	3.53	3.41	1.11	0.61	-1.59	-2.16	-4.25
-0.93	0.14	1.19	2.17	1	-0.51	-0.62	-2.3	-1.76	-0.09	-0.16	2.62	2.29	0.33	-0.74	-0.91	-0.23	-1.8
-0.27	1.14	-0.56	-0.24	-0.28	1.84	-0.73	0.14	0.74	-0.31	0.77	0.58	0.38	-0.7	-0.34	0.34	-0.19	0.94
1.28	0.5	-0.31	-1.17	-2.1	-2.48	-2.65	-2.45	-1.09	-1.72	1.34	1.37	2.56	2.81	2.43	2.39	-0.37	-0.14
-0.93	0.45	0.7	0.57	0.46	-0.36	-0.44	-1.14	-1.95	-0.53	-0.1	2.24	1.36	0.78	-0.12	-0.54	0.17	-0.68
0.5	-0.78	-0.45	-0.56	-0.03	-0.65	1.01	0.92	0.47	-0.2	-0.26	-0.11	-0.51	-0.08	0.54	0.54	0.43	-0.18
0.14	-0.41	-0.83	-1.09	0.18	-0.14	-0.09	-0.01	1.13	-0.49	1.47	-0.29	1.27	-0.04	0.79	0.34	-1.21	0.15
0.24	0.23	-0.7	0.37	0.32	-0.07	-1.01	-0.05	0.86	-0.67	0.58	0.27	0.73	0.45	-0.38	0.26	-0.88	-0.43
0.48	-0.01	0.59	0.69	1.85	1.4	2.5	1.57	3.01	1.32	-0.38	-3.48	-3.32	-2.44	-1.07	-1.39	-1.83	-0.97
0.19	-0.06	0.97	0.22	0.89	0.15	0.98	-0.21	1.02	-0.13	0.26	-0.79	-0.38	-1.24	-0.67	-1.59	0.32	-0.83
-1.29	-0.41	2.61	3.1	0.39	-1.64	-1.83	-2.99	-0.9	0.09	1.63	2.77	0.69	-0.25	-0.45	-0.46	-1.5	-0.5
-0.08	-0.41	0.62	-1.55	-1.49	-1.39	-1.44	-0.56	2.85	2.04	1.73	0.43	-0.69	0.08	-1.36	0.42	0.17	1.08
-0.76	0.03	-0.48	-1.32	-0.21	-0.87	-1.58	0.95	0.47	0.16	1.57	0.35	-1.85	0.21	-0.67	2.79	0.86	2.7
-1.63	-2.46	-1.22	-1.49	-1.78	-2.45	-0.62	0.45	2.15	1.68	2.53	1.45	0.82	0	0.9	-0.34	3.34	1.88
-2.82	-0.23	2.72	2.26	-0.64	-0.29	-3.11	-2.41	-1.09	1.43	2.75	3.91	0.51	0.08	-0.81	-0.34	-1.76	-0.32
-1.12	-0.28	1.88	2.14	0.25	-0.84	-1.9	-2.41	-0.86	0.31	1.5	3	1.09	0.25	-0.92	0.06	-2.45	-0.18
2.39	1.75	0.07	-1.2	-3.7	-1.5	-3.85	-1.56	0.19	3.2	2.62	2.4	-0.16	-1.98	-3	-1.15	0.39	2.42
0.82	-0.41	-0.15	-1.38	0.5	0.3	0.84	0.03	-0.16	-0.74	-0.74	-0.9	-0.78	0.33	0.28	0.86	-0.67	2.13
0.6	0.58	0.53	-0.85	0.71	-1.9	0.62	-0.13	0.59	0.05	-0.16	-0.79	1.22	-0.54	-0.6	-1.15	1.08	-0.5
-2.26	-1.8	-1.33	-3.44	-2.95	-0.98	1.69	2.81	3.67	2.33	1.02	0.61	-2.74	-0.99	1.7	2.51	0.54	3.07
-1.17	0.23	-0.64	-0.53	-1.42	0.74	-0.34	0.53	0.78	1.14	-0.06	0.16	-0.29	-0.08	0.39	0.78	0.1	0.62
3.53	0.47	-0.48	-0.51	-0.42	0.34	0.55	-0.36	0.08	-1.32	-0.99	-1.36	-0.56	-0.41	0.06	1.34	-1.32	-0.36
-0.71	-0.5	0.02	0.4	1.1	0.96	1.44	0.72	-1.84	-1.25	-1.41	-0.22	1.13	0.41	1.05	0.18	0.83	-1.44
0.33	0.21	1.14	0.89	0.07	-0.36	0.52	0.3	-0.08	-0.49	-0.51	-0.37	0.51	-0.21	-1.03	-0.91	-0.48	-0.36
-0.59	-0.19	-0.48	-0.27	1.21	0.92	1.72	0.76	-0.63	-1.14	-1.6	-0.26	0.24	-0.33	1.34	0.58	0.86	-0.54
0.36	1.38	1	-0.36	-0.28	-1.57	-0.16	-2.84	-0.7	1.93	0.7	0.24	1.45	0.74	-0.41	-1.83	-0.81	-0.32
0.43	0.58	-0.53	-0.48	0.07	-0.29	-0.94	-0.32	-0.59	-1.47	1.82	0.58	1.76	1.36	0.46	-0.3	-1.54	-0.75
0.43	-0.23	-0.72	-0.19	0.64	1.18	1.05	-0.52	-0.27	-0.92	-0.7	-0.29	0.33	0	1.38	0.58	-0.78	-0.65
0.21	-0.43	0.21	2.43	0.25	-0.54	0.34	-0.59	-0.86	-0.78	-0.22	0.05	1.09	0.99	1.27	0.26	0.06	-0.93
-0.18	-0.74	-0.4	-0.04	0.43	0.08	1.33	0.68	0.08	-0.71	-0.9	-0.86	-0.16	0	0.97	0.18	1.52	-0.5
-1.1	-0.23	1.38	2.37	1.6	1.07	0.62	-0.9	-2.81	-1.83	-0.8	0.69	2.12	1.15	0.76	-1.31	-0.12	-2.77
0.82	0.63	1.44	1.91	0.36	-0.18	0.66	-1.25	-1.68	-1.14	-0.48	0.73	0.73	-0.58	-0.63	-1.83	0.21	-0.75
-0.52	0.63	-0.34	0.92	0.29	0.56	-0.41	-1.68	-0.86	0.78	0.38	0.24	1.8	0.82	-0.01	-0.42	-1.25	-1.01
0.43	0.32	0.97	-0.42	-1.03	-1.5	-1.44	-0.01	-0.98	0.67	2.62	1.3	1	-0.58	-0.49	-0.3	-1.5	0.08
-2.02	0.87	-0.75	0.77	0.39	1.07	-1.51	-0.48	-0.86	1.07	0.38	1.33	1.18	-0.04	0.65	0.42	-0.96	-0.83
-0.3	-1.34	-1.24	-1.23	0.75	0.3	1.65	0.88	0.86	0.27	-0.61	-0.48	-0.25	-0.04	-0.01	0.78	1.52	0.33
-2.04	-1.62	3.11	-0.13	0.25	0.78	1.19	1.15	0.43	0.34	-0.35	-1.09	-1.14	-0.62	-0.08	-0.99	1.66	-0.07
2.64	0.45	0.37	-2.1	-1.03	-3.51	-3.92	-4	-5.74	-4.72	1.69	4.74	5.64	4.25	3.68	3.31	0.5	-2.09
-1.41	-0.21	-2.91	-1.2	-0.74	2.28	1.51	1.46	1.21	0.78	0	-0.56	-0.92	0.91	0.57	0.82	0.17	0.51
-2.07	-1.45	2.15	2.05	1.96	-0.21	-1.33	-1.83	-1.13	-0.85	2.75	2.32	1.27	0.37	0.03	0.3	-2.05	-1.69
-0.64	-0.83	-0.18	-0.74	-0.64	-1.5	-0.66	0.8	2.3	0.7	2.4	-0.56	-0.29	-0.12	-0.27	0.82	-0.56	0.98
1.25	-1.03	-1.05	-0.77	-1.95	-0.84	-0.73	1.03	2.5	1.07	0.22	0.01	-0.47	-1.69	-1.36	-0.99	1.88	1.48
-0.73	-0.5	1.55	1.5	0.64	0.37	-0.19	-0.48	-1.49	-0.49	0.03	0.96	0.51	0.25	-1.33	-0.38	-0.19	-1.19
0.53	2.11	0.26	-0.3	0.32	0.15	0.12	0.45	0	0.81	-0.67	-1.39	0.69	-0.17	-0.45	-0.54	-0.08	0.04
-0.76	-0.32	1.68	0.95	0.57	-0.43	0.69	-0.9	-1.76	-0.13	0.45	0.88	-0.51	1.11	-0.3	-1.15	-0.85	0.29
-0.27	-0.06	-0.81	-2.34	0.39	1.47	-0.62	-0.98	-0.66	0.7	-0.38	1.07	1.45	-1.28	0.39	0.66	-0.34	-0.65
-0.9	0.54	-0.2	-0.71	0.78	0.12	0.84	-0.05	1.21	-0.38	-0.93	-0.14	0.06	0.12	0.72	0.1	0.46	-0.32
0.43	-0.7	-1.11	-0.33	0	-0.29	1.19	0.92	0	0.45	-0.64	-0.41	-0.6	-0.7	0.28	0.66	0.79	0.69
0.89	0.01	0.34	-0.56	-0.46	-0.95	0.84	-0.25	0.47	-0.2	-0.29	-0.07	-0.38	-1.12	0.76	0.22	-1.14	-0.14
-3.86	-1.51	-0.7	-0.27	-1.85	-1.82	-0.34	2.74	5.59	4.54	4.73	2.74	0.87	-0.95	-2.02	-2.67	-2.23	0.08
-1.97	-0.08	2.42	2.31	-0.46	-0.21	-2.65	-2.68	-0.98	1.36	2.37	3.68	0.51	-0.41	-0.89	-0.34	-2.56	-0.07
-1.05	-0.21	1.9	2.52	-0.25	-0.76	-2.18	-2.03	-1.02	0.09	1.69	2.77	1.18	0.29	-1.11	0.02	-2.6	0.08
-0.2	-1.34	-0.64	-1.7	-1.46	-2.74	-1.08	-2.53	-0.43	1.93	3.07	4.02	2.56	1.2	0.1	-0.06	0.54	0.51
-0.64	-1.25	-1.08	-1.38	-0.1	-1.09	1.83	-0.32	1.52	0.52	0.48	0.31	0.64	0	1.05	-0.34	1.74	0.08
-0.71	1.95	0.18	0.95	0.07	-0.32	-1.15	-1.14	-0.63	-0.6	1.02	0.69	0.69	-0.08	0.46	0.26	-1.83	-1.08
-0.56	-0.41	-1.08	0.02	-0.18	1.11	0.02	1.26	1.02	-0.45	-0.48	-0.6	0.29	0.37	0.1	1.26	-0.23	-0.18
0.82	1.44	0.15	-0.62	0.43	-0.25	0.37	0.06	-0.63	-0.53	-1.12	-1.36	-0.6	-0.66	0.76	-0.14	0.61	-0.14
-2.65	1.18	2.18	3.07	3.09	-1.09	-1.01	-2.14	-2.85	-3.02	1.22	3.46	3.14	1.36	0.9	-0.3	-4.05	-2.3
-0.13	0.69	0.81	0.37	-0.21	-0.21	0.09	-0.48	1.05	0.05	-0.13	-0.98	-1.27	0.12	0.32	0.38	-1.94	0.22
-0.1	1.93	0.15	2.31	-0.1	-0.87	-3.28	1.96	-0.35	1.68	0.35	1.14	4.97	-1.32	-3.33	1.95	0.35	-0.18
0.31	-0.1	0.4	0.31	0.25	0.78	-0.37	0.53	0.35	-2.08	0.61	-0.64	-0.07	0.08	0.39	0.98	-0.99	-1.01
-1.19	-0.12	-2.23	-0.33	-2.49	0.48	-0.41	0.92	0.7	1.03	0.26	0.2	0.06	0.78	1.01	0.98	1.34	0.9
1.04	-0.96	-0.53	-0.91	0.22	-3.11	-0.3	-2.18	-0.74	-1.61	0.16	1.3	3.94	1.2	2.22	0.78	1.37	-0.54
-0.56	1.33	-1.87	-2.48	-1.67	-0.95	1.83	1.07	2.58	1.17	-0.51	-0.9	-0.34	-0.87	0.17	0.5	2.72	1.66
1.3	2.55	0.48	0.77	-0.99	0.56	-1.08	-0.9	-0.43	-0.27	0.13	-0.18	1.09	-0.17	-0.23	-0.42	-0.41	-0.29
5.83	2.55	-0.18	-1.06	-1.49	-1.46	-0.16	-0.71	-1.72	-2.55	-2.27	-1.81	-0.87	0	1.19	-0.3	1.41	-0.75
0.19	1.82	-1.6	-0.24	-1.67	-2.3	-3.11	0.14	0.04	0.74	0.8	0.88	0.6	1.2	-0.38	0.38	0.68	1.19
1.25	0.52	1.68	-0.36	0.57	-0.69	-0.48	-0.59	0.31	-0.6	1.98	-0.71	-0.47	-0.95	0.1	0.46	-2.3	-1.62
0.96	1.42	-0.31	-0.51	-0.57	1.4	-1.69	0.65	0.82	0.78	-0.7	-0.03	-0.11	-0.87	-2.35	-0.83	0.72	1.7
-2.38	-2	-2.75	-0.48	0.89	1.29	2.54	1.11	1.6	-1.65	-1.76	-1.39	0.38	2.48	2.18	2.87	0.83	0.69
-2.67	-2.92	-3.6	1.09	1.21	2.24	3.5	2.62	1.02	-1.32	-2.33	-2.83	-0.65	1.81	1.96	2.35	2.94	0.47
-1.24	-1.51	-1.33	-1.93	1.92	2.76	1.76	0.68	0.86	-0.81	1.34	-3.33	-1.72	0.45	2.62	1.02	1.3	-0.79
-0.69	-0.52	0.21	1.01	1.39	1.22	0.2	-1.29	-1.13	-0.2	-1.02	-0.11	1.71	-0.21	0.54	-0.5	0.43	-0.43
0.19	0.34	0.1	-0.21	0.64	-0.69	1.01	-0.17	-0.04	-0.38	-0.96	-0.86	-0.07	0.08	0.21	0.02	0.35	-0.14
-1.36	-0.48	-0.56	-0.36	-1.06	1.29	0.2	1.23	1.02	-3.64	-0.16	0.24	-0.78	-0.5	-0.27	0.94	0.68	1.23
-2.29	-1.09	-1.19	3.59	2.56	1.14	-1.51	-2.68	-2.54	-1.94	0.06	4.59	3.27	1.15	0.68	-0.1	-0.37	-2.91
-1.44	-0.39	-0.72	0.22	-0.39	2.43	0.2	0.49	-0.51	0.96	-1.79	0.39	-0.29	0.08	0.86	1.18	0.35	-0.21
-1.53	-1.8	-1.87	-1.17	-0.32	-0.43	2.75	3.01	2.97	1.1	-0.9	-0.6	-2.03	-0.99	0.03	0.74	2.1	1.8
-0.25	0.12	-0.42	-0.39	-0.96	0.59	-0.19	-0.21	0.98	1.5	0.32	-0.03	-0.29	-1.07	0.13	0.74	-0.45	0.04
-0.83	-0.5	1.98	1.67	0.96	-1.42	-0.83	-2.1	-1.29	0.34	1.47	2.55	1.67	-0.5	-0.52	-1.23	-1.07	-0.57
-1.24	-0.34	-1.38	-0.51	0.18	0.78	1.08	0.84	0.43	-0.71	-0.64	-0.71	0.06	0.95	1.49	2.19	-0.59	-2.45
-0.69	2.46	-0.07	-0.07	-1.63	2.28	1.19	-1.17	-0.98	0.7	-1.63	0.77	-0.74	-1.16	-1.25	0.1	-0.59	-0.03
0.55	0.72	1.05	1.03	0.43	-0.29	-0.34	-1.29	-0.63	-0.71	0.67	0.12	0.73	-0.83	0.06	-0.1	-1.25	-1.44
-3.04	-0.63	0.23	2.08	0.53	1.51	-1.22	0.06	-1.88	0.81	0.1	2.09	0.78	1.07	-0.12	0.38	-0.63	-0.54
0.87	0.67	-0.29	-0.33	-1.92	-1.61	-1.47	-0.48	1.17	1.5	0.7	0.16	0.78	-0.17	-0.3	-0.14	-0.48	0.76
-2.09	-1.93	-1.76	-1.52	-0.6	-1.71	2.33	3.05	4.38	0.49	0.61	-1.81	-3.1	-2.27	0.46	1.63	2.79	2.2
-0.06	1.64	1.41	0.83	0.04	0.15	1.51	-0.01	1.84	-0.74	-1.47	-1.54	-0.6	-1.69	0.13	-1.27	0.79	-0.25
-0.73	-0.01	0.59	1.91	-0.28	1.18	-1.05	-0.21	-0.94	-0.13	-0.22	0.92	0.11	0.54	-1.03	-0.18	-0.48	-0.36
0.09	-0.19	2.23	3.01	1.03	0.23	-0.62	-1.37	-1.8	-0.6	-0.45	1.22	0.2	0.08	-0.81	-1.27	-1.76	-0.79
-1.61	-2.06	1.44	3.36	3.34	0.41	-0.51	-2.72	-2.85	-0.78	0.61	2.77	2.96	0.25	-0.63	-1.51	-1.25	-0.36
-0.1	-0.34	-1.24	-2.19	-2.17	-0.76	-2.15	-3.23	-3.17	-0.13	1.54	5.12	5.19	2.56	2.65	1.67	1.7	-0.97
-1.66	-0.56	2.42	2.6	3.41	3.42	1.9	0.37	1.76	0.27	0.9	-2.11	-3.41	-2.27	-2.42	-3.2	-0.81	-2.19
-1.49	-0.12	0.02	1.76	1.42	0.78	0.05	-1.14	-0.74	-1.61	-0.13	0.58	2.07	0.74	0.46	0.42	-1.83	-0.43
-2.84	-1.4	-1.93	0.1	1.07	1.8	0.2	0.37	-0.39	0.2	-0.74	1.26	0.47	0.95	1.45	2.71	0.06	0.18
0.04	0.32	-0.53	-0.42	0.11	0.78	0.69	1.34	-0.08	-0.2	-1.5	-0.98	-0.87	-0.29	-0.05	-0.06	1.7	0.08
-1.07	0.92	1.3	3.85	1.53	0.63	-2.29	-2.07	-0.86	-0.2	0.67	1.79	0.87	-0.29	-1.54	-1.03	-1.9	-1.91
-1.05	-0.94	-0.56	0.77	1.35	1.14	1.87	0.1	-0.2	-1.32	-1.18	-0.64	1.22	0.99	1.56	-0.26	0.14	-1.55
-1.02	1.14	-0.91	0.34	-0.21	1.29	0.37	0.03	0.23	0.89	-0.38	-0.86	-0.07	-0.12	0.9	0.94	-0.34	-0.43
-1.27	-0.72	-0.56	-0.21	-0.32	1.11	1.08	1.77	0.7	-0.56	-1.25	-1.51	-0.02	0.16	0.83	1.34	0.21	-0.39
5.13	0.39	-2.39	-4.08	-2.45	-3.58	-2.61	-2.84	-1.17	3.09	3.68	2.05	0.2	0.66	-0.92	-0.14	0.86	2.6
-4.66	-5.02	-2.45	-0.91	1.46	0.67	3.75	2.46	2.89	-0.02	-0.35	-0.9	1.76	1.57	2.69	1.46	3.23	-0.07
1.67	1.69	2.34	0.95	-2.7	-5.71	-5.13	-4.85	-0.08	2.77	4.67	4.18	3.05	0.04	-1.14	-2.63	-2.85	0.47
-1.36	-1.14	-0.18	1.01	1.96	1.11	1.58	0.53	-1.09	-1.68	-0.42	-0.45	1.58	0.04	1.59	-0.87	1.26	-2.05
-0.86	0.01	1.71	1.01	0.46	-0.62	-0.41	-1.02	-1.8	-0.27	0.83	1.79	1.4	-0.37	-0.45	-0.42	-0.48	-1.08
-2.16	-1.2	-0.04	1.65	1.46	-0.25	-0.76	-0.75	-1.76	-2.44	0.83	2.51	2.61	1.69	1.3	0.78	-1.65	-1.51
-3.72	-0.17	1.44	-1.55	-2.17	-0.84	0.3	-0.36	-0.82	3.71	2.75	1.79	0.24	-0.99	-1.29	-0.99	0.28	1.77
-3.45	-2.13	0.62	-0.85	0.61	-1.79	0.66	-1.45	0.16	0.45	1.98	2.02	3.85	0.91	1.49	-0.95	1.23	0.18
-1.46	-1.07	0.97	1.09	1.1	0.7	0.98	-0.36	-1.02	-1.03	-0.48	0.12	0.96	0.25	1.05	0.06	0.5	-1.29
-1.22	-0.52	-0.61	-0.01	-0.39	-0.1	-2.5	-1.56	-1.84	-1.65	2.14	1.64	2.96	2.43	2.69	1.67	0.28	-1.58
-1.24	-1.07	2.42	1.91	0.11	-1.35	-0.83	-2.99	-0.82	0.89	1.79	2.96	1.31	-0.87	-0.6	-0.75	-1.03	-0.03
-0.42	-0.74	0.51	0.51	1.28	0.81	1.9	0.18	-0.66	-1.03	-0.83	-1.32	-0.6	-0.17	1.27	0.1	1.05	-1.58
-0.44	-1.62	-1.54	-1.99	0.5	0.34	0.84	1.42	1.09	0.85	0.77	-0.79	-0.43	0.16	0.79	-0.14	1.59	0.9
1.21	-0.41	0.92	-0.53	0.89	-0.25	0.27	-0.9	0.04	0.49	-0.61	-0.18	0.47	-0.5	-0.01	-0.26	-1.28	0.08
-1.17	-0.34	0.53	1.59	0.36	1.36	-0.98	-0.36	-1.52	0.52	-0.06	1.14	1.76	0.25	0.06	0.1	-1.47	-1.26
0.11	-0.56	-0.04	-0.97	-0.78	0.81	2.5	2.54	2.58	-1.61	0.96	-2.04	-1.99	-1.78	0.54	1.83	-0.85	-1.04
-0.69	-0.67	2.18	1.7	0.57	0.04	-2.08	-0.86	-1.76	-0.78	3.36	0.46	0.11	0.16	0.43	0.5	-2.16	-1.83
-0.47	-0.65	0.95	1.09	1.35	-0.47	0.02	-0.28	-0.47	-0.16	-0.13	0.61	1.13	-1.03	-0.19	-1.31	0.57	-0.61
-1.07	-0.39	-0.56	0.6	1.39	1.4	1.3	-0.21	-0.9	-0.27	-0.32	-0.71	0.96	-0.29	0.68	-0.99	1.85	-1.69
1.13	-0.03	-0.34	1.96	0.96	1.03	-0.87	-0.98	-2.15	-1.86	-0.45	0.88	0.87	0.78	0.35	0.3	-1.54	-0.83
-1.8	-0.96	-3.08	-2.39	-1.92	0.3	1.97	2.39	2.73	1.79	0	-0.41	-2.92	-0.29	0.5	2.63	2.47	2.06
-0.56	-0.19	-0.48	-1.46	-0.78	1.22	0.09	-0.09	0.47	2.08	-0.19	0.16	-0.29	-0.5	-0.08	0.78	-0.3	1.08
-0.44	-0.7	-0.59	-0.51	-0.35	0.45	1.4	0.92	1.09	-0.85	0.93	-0.22	-1.23	-0.12	1.23	1.63	-1.28	-0.47
-1	-0.41	0.56	0.25	1.28	1.07	1.58	0.37	1.13	0.27	0.67	-0.48	-0.07	-2.68	-0.23	-1.59	0.39	-1.08
1.01	1.44	0.59	1.18	0.04	1.36	-0.73	-1.76	-0.94	0.63	-0.61	-0.79	1.22	-2.48	-1.65	0.14	-1.36	-2.16
0.38	1.27	-1	0.89	0.71	-1.13	-1.4	-1.83	-0.47	-0.63	1.18	0.2	0.33	-0.33	0.28	0.42	-0.12	-1.26
0.02	0.12	0.4	-0.39	-0.25	1.07	3.89	2.54	0.86	-1.28	0.54	-0.94	-0.6	-3.8	0.32	-2.35	0.28	-1.15
-0.25	-2.24	-1.9	-2.37	0	-0.32	3	-0.05	1.91	-0.02	0.16	-1.2	0.82	-0.29	1.34	0.58	2.21	1.55
-0.73	-1.09	-0.75	-0.97	2.24	2.17	1.87	-0.52	-1.17	-1.94	-0.67	0.27	2.47	1.81	2.36	0.78	0.9	-2.37
-1.58	1.58	0.95	1.33	0.75	0.19	0.05	-0.32	-0.23	-0.96	-1.25	-1.43	-0.47	-0.33	0.86	1.18	-0.99	-0.14
-0.81	-0.5	0.59	0.54	0.96	-0.47	-1.83	0.72	-1.72	-2.19	2.97	0.96	0.64	-0.21	1.08	1.42	-2.05	0.29
0.11	5.11	0.78	-0.1	-1.06	-0.73	-2.04	-3.34	-2.42	0.13	-0.58	0.31	-0.16	0.04	0.65	0.1	-0.48	-0.14
-1.95	0.12	2.29	2.46	1.71	0.48	-1.69	-2.49	-3.32	1.5	2.75	2.89	1.85	-0.5	-0.3	-0.95	-1.5	-4.28
-0.06	-1.4	-0.53	-0.59	1.25	1.36	0.87	-0.56	-0.35	-0.2	1.06	-1.01	-0.74	0.12	0.76	1.14	0.61	-0.79
0.02	-0.98	0.02	-0.88	2.63	1.95	1.3	-0.4	0.12	-0.13	0.16	-1.81	-1.32	0.78	0.32	-0.42	1.23	-2.16
0.43	1.73	1.11	1.24	-1.14	0.85	-0.05	-0.01	-0.43	0.6	-0.77	-0.94	-1.36	-2.15	-0.27	-0.5	-0.05	-0.75
-1.41	0.43	1	2.81	2.38	3.16	0.52	-0.75	-2.07	-1.32	-1.25	-0.29	1.13	-0.21	0.43	-1.23	-1.14	-2.81
-0.71	-0.06	-1.16	-0.42	-0.18	1.58	1.19	0.92	1.13	0.63	-0.86	-0.98	-0.96	-1.24	0.54	0.82	-0.05	0.62
-0.86	-0.17	0.32	1.38	-0.18	1.14	-0.83	-0.36	-1.25	0.78	0.03	0.73	0.02	0.41	-0.67	0.86	-0.81	-0.36
-2.67	0.67	0.59	-0.74	0	2.54	5.42	2.77	-0.78	5.12	-6.68	-8.02	-3.68	-1.24	3.05	1.99	3.27	-0.75
-0.69	-0.85	-0.12	1.12	2.74	-0.1	0.34	-0.63	-2.46	-1.54	-0.77	2.05	2.87	0.95	0.24	-0.62	-0.37	-0.93
0.94	-0.21	0.7	0.4	0.57	-0.14	-0.16	-1.72	-2.5	-1.5	-0.16	0.58	1.36	0.29	1.34	-0.06	0.72	-1.11
2.95	1.95	2.12	0.45	-0.67	-2.15	-1.26	-0.67	-0.59	0.31	-0.35	0.69	-1.45	-2.15	-2.06	-1.39	0.35	-0.36
-0.78	-0.14	0.92	1.62	0.43	0.41	-1.58	-1.79	-1.09	1.64	1.28	1.75	1.49	-0.79	-0.63	-0.62	-2.01	-0.39
-2.19	-0.41	1.33	2.95	1.74	0.63	-1.44	-2.18	-2.7	-1.75	1.41	2.96	3.01	0.45	0.21	-0.14	-2.41	-1.11
-0.39	0.01	-0.07	-0.04	-1.53	-0.4	-1.51	-1.56	-0.94	2.8	2.4	1.86	1.31	-0.33	-1.69	0.22	-1.25	1.12
1.79	0.61	1.19	1.06	1.74	0.15	1.05	0.41	-1.64	-2.04	-1.5	-1.2	-0.11	-0.79	0.54	-1.11	-0.23	-1.98
-0.39	-0.63	-1.11	-1.03	-3.59	0.63	1.12	0.68	1.84	2.04	-0.06	-0.37	0.2	-0.37	-0.19	0.62	0.61	1.48
0.26	0.69	1.44	1.41	0.75	-0.84	0.59	-1.14	-0.27	-0.92	-0.74	-0.86	-0.51	-1.28	-0.19	-0.71	1.92	-1.33
0.45	2.77	1.74	-0.13	-3.13	-6.3	-5.63	-5.86	-2.58	3.74	6.91	5.46	3.9	0.74	-0.38	-2.31	-2.81	0.26
-1.12	1.97	-0.15	-1.32	-6.15	-4.35	-8.22	-5.94	-4.1	5.77	8.03	7.74	5.82	1.24	0.43	-2.15	0.1	1.91
-0.98	-1.16	0.7	1.3	2.42	0.81	-0.37	-1.64	-1.29	-1.07	1.34	0.58	1.45	0.87	0.76	0.06	-2.05	-1.01
0.31	-2.2	-2.42	-0.68	-0.32	0.34	0.87	1.3	0.98	0.89	-0.19	0.54	0.82	0.45	-0.05	0.54	-0.01	1.52
-1.53	-0.1	-0.04	2.6	0.14	-0.62	-0.16	1.15	1.17	2.04	0.29	1.22	2.12	1.4	-0.52	0.58	-1.5	-0.25
1.64	0.05	0.29	-0.83	-1.14	-2.01	-1.72	-2.76	-2.03	-1.25	0.22	2.05	1.94	2.31	1.92	2.03	-0.67	-0.25
-0.93	-0.23	-1.11	-0.21	0.29	1.62	0.3	1.3	1.02	-0.02	0.86	-0.94	-1.81	0.16	0.28	1.18	-0.08	-0.86
0.48	-1.25	0.29	-2.45	-3.62	-4.21	-5.59	-4.43	0.23	7.58	6.91	4.63	1.89	0.99	-1.29	-1.15	-1.79	3.32
1.54	0.25	0.32	-1.32	0.61	-3.11	-3.39	-1.52	0.55	1.46	4.7	0.96	-1.14	-0.99	0.43	0.46	-1.14	-0.29
-1.19	-0.94	-0.5	0.48	1.03	1.14	0.44	-0.48	-0.23	-1.25	-1.06	-0.07	1.27	1.32	1.12	1.26	-0.41	-0.03
1.11	-0.54	2.83	2.87	3.09	0.92	-1.08	-4.97	-5.82	-5.26	-1.79	3.19	4.39	4.54	3.05	-1.31	-1.87	-4.36
-0.49	-0.08	-0.01	-0.74	-0.6	-0.84	0.55	0.92	0.86	1.21	-0.38	-0.07	-1.01	0.49	-0.6	0.14	0.79	0.22
-0.18	-1.07	-0.37	0.19	0.29	-0.18	0.41	1.61	0.43	0.13	-0.42	0.46	0.29	-0.12	0.54	0.38	0.61	-0.32
-0.15	3.06	0.56	-0.56	-0.25	-0.29	0.34	-0.71	-0.12	-1.1	-2.72	-0.11	-0.74	0.37	-2.86	0.22	0.79	-0.97
-0.98	0.01	-0.5	-0.8	0.78	-0.4	0.98	1.3	0.08	0.56	-1.18	-0.18	-0.92	-0.04	0.17	0.54	1.19	0.26
3.02	1.58	1.68	0.89	1.28	-1.13	1.19	-0.4	1.45	0.96	-0.03	-2.87	-3.1	-3.8	-1.51	-3.12	-0.01	-0.9
0.41	-0.1	-0.04	-0.53	0.25	-0.73	1.72	0.53	0.43	0.02	-0.35	-0.83	0.38	-0.83	0.79	-0.18	-0.96	-0.07
-0.06	0.63	-0.64	-1.84	0.32	0.48	2.43	0.34	0.27	0.34	-0.51	-0.67	-0.56	-0.74	0.13	0.46	-0.05	-0.21
-1.17	1.33	3.65	1.91	-0.6	0.12	-2.33	-2.18	-3.13	1.64	2.21	2.13	-0.11	0.78	-3.33	-0.3	-1.39	-1.51
-0.25	0.25	-2.15	-0.42	-0.85	-0.73	0.16	0.45	0.94	1.57	0.7	0.96	0.06	0.58	-1.07	0.26	-0.74	1.12
-1.19	-1.09	-0.26	1.41	1	0.19	0.37	-0.71	-1.52	-0.24	0.32	1.71	1.18	0.33	1.08	-0.75	0.46	-1.22
3.05	1.11	1.33	-1.87	0	-0.18	-0.09	-1.68	-1.99	-0.78	-0.61	-0.48	-0.11	-0.29	0.03	-1.15	-0.3	-0.9
-0.52	2.46	0.48	0.1	-0.35	0.81	-0.83	-0.13	-1.09	0.92	-0.8	1.68	-0.16	0.25	-0.05	-1.43	-1.83	0.87
-1.7	-0.28	1.66	1.88	0.36	0.78	-0.51	-1.17	-0.63	-0.81	0.9	1.98	1.05	0.33	0.43	-0.5	-1.36	-1.44
-0.98	-1.31	0.81	1.15	0.85	2.24	2.15	-0.44	-0.7	-1.5	-1.34	-0.71	0.82	-0.21	1.3	0.26	-0.05	-1.44
-1.61	-0.54	0.78	1.67	1.28	0.74	-0.34	-0.32	-1.25	-1.83	0.16	1.64	1.54	1.11	0.21	-0.02	-1.69	-1.76
2.42	2.44	2.59	-0.53	-0.07	0.01	0.52	-0.44	1.8	0.49	-0.22	-3.1	-4.08	-3.55	-1.76	-2.39	0.94	0.11
0.36	-2.06	-1.71	-2.31	-0.53	0.96	1.94	1.81	1.72	0.2	-0.58	-2.08	-1.45	1.53	1.49	1.06	1.63	0.54
0.26	0.34	-0.29	-2.25	-0.67	0.89	4.49	0.95	0.98	-0.2	-0.38	-0.94	-0.92	-2.81	0.32	-0.66	1.52	-0.79
-0.3	-0.25	0.59	-0.51	0.07	1.22	1.69	1.34	-0.08	-0.31	0.45	-0.98	-2.12	-1.03	-0.12	-0.26	0.72	-0.43
-1.02	-0.61	1.55	1.59	1.25	-0.25	-2.86	-0.36	-0.47	-0.53	4.25	1.22	-0.74	-0.08	0.68	0.94	-2.45	-2.77
-1.85	-0.1	1.79	2.05	-0.46	-0.18	-1.3	-2.07	-0.98	1.28	-2.01	2.89	0.06	0.33	0.13	0.58	-1.25	-0.9
0.82	-0.25	0.59	0.22	0	-0.14	0.98	-0.13	0.35	-0.45	-0.54	-1.43	1.36	-0.99	-0.52	-0.1	-0.78	0.65
-0.2	-0.45	0.23	0.1	0.64	-0.95	-0.16	-0.4	-0.82	-0.09	0.8	1.18	0.56	0.54	-0.45	0.18	-0.23	-1.11
-0.25	-0.34	0.34	-1.23	-1.14	-0.4	1.47	0.76	1.64	0.85	-0.58	-0.75	-1.54	0.16	0.68	-0.91	1.23	0.36
1.28	0.21	-0.29	-1.09	0.07	0.23	0.37	0.41	-0.7	1.54	-1.28	-0.52	0.02	-0.41	-0.01	-0.02	0.28	-0.39
-2.79	0.92	-1.74	0.34	0.25	1.14	1.37	0.26	-0.7	-0.85	-1.22	0.54	0.02	1.44	1.81	2.51	-0.27	0.26
-2.36	0.8	0.95	1.88	0.32	-1.13	-3.32	-3.34	-3.56	2.73	4.48	4.25	2.78	0.66	-0.05	-1.63	-2.49	-0.43
-0.98	0.41	0.75	1.38	1.89	2.13	0.23	-0.71	-1.13	-0.92	-1.41	0.01	0.64	0.25	-0.05	0.14	-1.43	-1.37
-2.33	-2.88	-2.45	-1.61	1.28	1.03	3.64	0.84	1.8	0.41	0.13	-0.45	0.87	0.29	1.96	0.58	1.96	-0.5
-1.87	-0.1	-0.48	-0.27	0.11	-1.61	0.84	0.99	0.98	0.96	0.13	-0.41	-1.23	-1.07	-0.19	-0.02	0.57	0.76
-1.44	1.2	1.55	0.08	-0.64	-2.59	0.52	-0.05	1.29	0.09	-0.16	-1.47	-2.57	-1.73	-0.12	0.82	2.65	1.34
-1.61	0.32	-1.63	-0.59	-1.7	-1.57	-3	-2.07	-2.03	2.95	4.45	3.87	2.83	1.48	-0.08	-0.38	-0.99	1.05
-0.27	-0.36	-0.26	-0.65	-0.71	-0.73	0.52	0.3	0.82	0.63	0.1	0.99	-0.92	0.12	-0.27	0.54	0.06	0.72
-0.59	-0.19	-0.18	0.28	-0.67	0.01	0.27	-0.17	0.31	-0.56	0.64	-0.11	-0.6	0.99	0.54	1.14	-0.19	0.04
-0.98	-0.7	-1.71	-1.44	-2.13	0.19	0.66	1.69	2.34	2.84	0.29	0.54	-0.96	-1.24	-0.7	0.54	0.97	1.55
1.71	-0.34	-1.13	-1.06	-0.82	0.19	0.48	0.1	0.31	-1.25	0.61	0.08	0.56	0.08	0.68	1.1	-0.7	-0.29
-0.59	-0.01	-1.22	-0.48	-1.53	0.04	0.3	-0.28	1.72	1.17	0.77	0.35	0.51	-1.32	0.1	0.38	-0.45	1.34
-1.53	-0.32	2.42	2.2	1.64	0.26	-1.3	-1.29	-1.99	-1.18	1.25	2.32	1.31	0.04	-0.81	-0.58	-1.58	-1.26
0.72	0.8	0.95	1.21	-0.42	1.36	-1.54	-0.4	-1.6	-1.61	0.45	1.45	-0.6	0.74	-0.52	-0.38	-0.74	-1.55
-3.74	-0.21	-2.94	-3.35	-2.56	0.26	1.9	2.93	2.73	1.61	-0.83	-1.09	3.19	-0.29	0.68	1.46	3.41	1.7
0.26	-0.28	0.48	0.69	1.35	1	0.27	-0.48	-1.21	-0.45	-0.42	-0.11	-1.09	-0.21	-0.38	-0.18	0.68	-0.5
-0.71	0.14	1.05	0.22	1.49	0.52	1.3	1.73	1.13	0.81	-0.9	-0.56	-0.78	-1.28	-1.91	-0.75	-1.65	-0.25
-0.32	0.08	0.7	1.09	0.5	-0.07	-0.27	1.26	-0.7	-1.57	-1.6	-0.11	-0.34	0.08	0.57	0.78	-1.28	-0.72
0.28	-0.52	0.45	0.8	1.53	0.3	0.52	-0.36	-0.66	-0.2	-0.51	0.2	0.87	-0.79	0.39	-1.39	0.28	-1.47
0.82	0.16	-0.45	-1.67	-1.14	-0.76	3.07	1.69	1.72	0.16	-0.42	-1.39	-1.09	-2.11	-0.12	-0.1	1.26	0.08
-4.13	-3.12	2.48	3.27	3.13	0.37	-0.27	-2.84	-3.71	-1.65	2.65	3.57	4.08	1.2	1.08	-0.71	-0.48	-2.37
-3.06	-0.7	-2.2	-1.35	-3.8	0.08	1.51	2.97	4.45	3.85	0.99	-0.11	-3.1	-2.6	-1.03	1.99	1.88	2.92
2.68	0.63	-2.67	-2.34	-2.74	-1.46	-1.76	-3.42	-0.98	4.5	4.83	3.72	1.31	0.16	-2.16	-0.54	-0.78	0.18
0.57	-0.36	-0.07	-0.3	1.07	-0.18	1.47	0.3	0.08	-1.14	-1.28	-1.58	0.6	-0.41	0.54	0.18	1.45	-0.68
0.11	0.12	-0.81	0.69	1.17	1.36	1.01	-0.13	-0.63	-0.31	-1.41	-0.26	-0.83	1.53	0.68	0.42	-2.85	0.22
-2.21	-0.21	-0.72	1.73	-0.1	0.7	-0.73	-1.1	0.62	0.78	0.29	2.7	0.69	-0.7	0.54	-0.38	-0.37	-0.43
-2.26	-2.86	-3.81	-2.22	-1.14	0.52	1.05	1.54	2.34	2.58	1.5	1.52	0.42	0.78	0.86	1.75	0.94	1.66
1.64	0.14	-0.2	-1.12	-0.03	-0.47	1.94	0.14	0.27	-0.16	-1.06	-1.36	-0.74	-0.74	0.5	0.18	0.5	-0.18
-0.2	-0.21	0.15	-0.91	0.39	-0.47	0.73	0.26	-0.23	-0.02	0.03	0.35	0.33	-0.7	0.35	-0.18	0.94	-0.21
-0.3	-0.52	0.51	0.86	1	-0.29	0.27	0.26	-1.37	-0.74	-0.19	0.65	0.2	-1.03	0.61	0.02	0.39	-0.39
-0.86	-0.45	0.48	0.4	0.93	-0.73	0.27	-0.59	0.08	0.31	0.19	1.75	0.11	0.16	-0.96	-0.87	0.21	-0.11
0.45	0.28	-0.2	-2.1	-0.5	-0.8	-0.59	0.18	1.02	1.5	-0.54	0.65	-0.6	-0.25	0.24	-0.54	0.46	1.48
0.09	1.09	2.42	1.35	0.61	-1.09	-2.15	-1.99	-1.09	-0.71	2.27	1.71	-0.29	-2.02	-1.4	-2.71	0.03	0.98
0.77	0.87	2.12	-2.31	-1.7	-3.11	-3	-2.41	0.74	2.62	2.97	2.02	-0.47	-1.24	-2.53	-1.95	-0.56	2.27
2.85	2.13	1.3	-0.48	-4.26	-5.27	-5.88	-8.42	-8.68	-6.31	0.13	5.35	8.18	6.02	5.61	3.8	2.1	0.65
0.21	1.09	0.51	-2.69	0.22	0.89	0.23	1.3	-1.92	0.2	-1.98	0.31	0.73	0.91	-0.89	0.54	-0.05	-0.79
1.91	0.05	0.1	-0.36	0.61	0.89	-0.8	0.76	0.7	0.13	-0.45	-0.98	-1.14	0.21	-1.29	-0.75	-0.56	-0.11
-0.13	-2.31	-2.72	-1.78	1.14	1.51	3.11	-1.41	-3.32	-2.23	1.63	2.21	3.59	2.14	2.58	1.14	0.03	-1.76
0.38	-0.34	0.59	-0.21	0.32	2.83	3.32	2.31	1.99	0.31	-0.51	-2.11	-2.48	-3.06	-0.85	-1.87	-0.05	-1.44
-1.29	-0.98	2.42	1.24	1.71	0.41	-0.34	0.26	-0.98	-0.89	1.15	0.65	0.96	-1.07	-0.49	0.02	-1.83	-2.05
-0.83	-0.06	1.05	1.38	1.96	0.41	1.33	-0.63	-1.21	-0.78	-1.57	-0.22	0.78	-0.79	0.68	-0.3	-0.37	-1.01
-0.59	-0.85	-0.09	1.03	2.1	0.52	1.08	-2.3	-0.78	-2.84	-1.44	-0.33	-0.43	1.98	1.49	3.23	0.83	-1.47
-0.2	-1	0.4	1.27	3.17	0.59	-1.19	-0.94	-1.8	-2.73	0.19	-0.64	1	1.44	2.22	1.18	-1.47	-1.01
0.11	-1.09	-1.02	0.6	-0.25	-1.2	-0.66	-0.75	-0.08	1.57	1.09	0.92	0.11	1.03	-0.63	0.46	-0.52	1.12
-1.05	1.82	-0.61	0.34	-0.74	-1.53	0.59	0.18	0.12	1.46	0.32	-0.18	-0.69	-0.46	-0.08	1.1	0.54	1.01
-0.73	-1.29	-0.53	0.08	2.45	0.67	2.01	-0.83	-0.55	-1	-0.61	0.35	1.45	1.2	1.59	-1.15	0.06	-1.69
-1.46	-0.59	-0.4	-0.27	1.6	-0.03	0.87	0.22	1.02	-0.56	-0.8	-0.9	0.24	0.49	1.7	0.3	0.21	-0.11
-0.47	-0.36	-0.94	0.28	0.64	1.22	0.3	-0.98	-0.08	0.49	-1.34	0.61	0.82	-1.32	-0.16	1.1	-0.27	-0.32
-1.61	0.94	1.05	2.6	-1.81	1.22	0.02	-0.59	-2.15	-1.07	0.1	0.77	0.64	0.7	0.46	-0.06	-0.34	-0.25
0.99	-0.41	-4.01	-5.5	-3.98	-2.85	-0.69	-0.05	2.66	1.86	2.56	1.71	3.14	1.81	1.12	1.14	1.01	2.78
-0.98	-0.7	-1.24	0.19	0.14	0.23	1.58	0.22	0.59	0.13	0.03	-1.09	-0.43	0.74	0.94	1.79	-0.12	-0.54
-3.84	-1.71	-1.79	-1.26	-0.42	1.73	3.96	3.16	4.18	3.02	1.41	0.5	-0.69	-2.35	-1.36	0.18	-0.67	-0.32
5.83	3.32	-1.33	-1.87	-3.34	-0.91	-3	-2.53	-2.85	0.09	-0.83	0.96	0.2	0.7	-0.6	-0.58	0.43	2.16
-0.15	-0.41	-1.63	0.16	-0.1	2.1	1.47	0.88	-0.51	-1.86	-1.89	-0.9	0.02	1.57	1.12	1.99	0.39	-0.75
0.24	0.21	1.52	1.5	0.68	0.48	-0.41	-0.05	-0.66	-1.39	-0.29	1.22	-0.51	-0.29	-1.43	-0.3	-0.85	-0.9
-2.07	0.16	2.23	2.75	-0.99	-0.58	-2.01	-1.99	-1.29	0.7	2.17	3.87	0.96	-0.33	-1.18	-0.95	-1.76	-0.43
-1.73	-0.54	3.35	2.49	-0.18	-0.76	-1.72	-1.91	-1.33	-0.06	2.49	3.3	0.51	-0.46	-0.7	-1.27	-1.03	-1.44
-1.02	-0.1	2.7	0.77	0.85	-1.57	-0.76	-2.8	-1.45	0.96	1.25	3.3	1.27	0.04	-1.4	-1.23	-1.14	-0.43
-1.29	-0.81	2.86	2.11	0.71	-0.95	-1.19	-2.49	-1.72	0.81	2.33	2.74	1	-0.41	-0.34	-1.59	-0.88	-1.69
-0.95	-0.5	-0.26	1.33	0.78	1.03	1.55	-0.59	-0.2	-0.67	-0.61	-0.6	1.31	-0.33	1.38	-0.42	-0.67	-0.9
-0.83	-0.92	1.68	1.41	0.32	1.47	-1.3	-0.48	-1.6	-1.03	1.28	-0.22	0.06	-0.37	0.17	-1.11	0.28	0.87
-1.39	-0.59	-0.48	-3.96	0.32	0.15	-2.01	5.41	-0.35	-0.96	1.82	3.34	1.27	-0.46	-1.29	-1.55	-0.23	-0.18
-4.18	-1.36	4.67	3.77	1.71	1	0.55	-2.14	-3.99	-1.72	1.76	3.38	2.03	0.58	0.46	-1.35	-1.58	-3.31
-1.1	-0.94	-2.31	-2.8	-1.1	-0.58	2.26	2.39	2.77	1.28	-0.38	-1.24	-1.14	-0.7	0.5	1.51	2.36	1.95
0.04	-0.25	0.53	-0.1	1.35	-0.03	-0.27	0.61	0.04	-0.42	2.72	-0.11	-0.56	0.04	-0.45	0.9	-0.59	-0.68
-0.98	0.65	0.95	-3.47	1.67	-1.97	-0.69	-1.83	2.46	-1.25	1.15	1.6	-1.32	-3.47	-3.66	2.47	-3.25	3.68
-1.05	-1.71	-0.31	-1.29	-0.78	0.08	3.96	4.25	3.63	-0.16	-0.96	-5.22	-4.62	-1.94	2.54	1.55	3.96	-0.39
-0.25	-1.36	0.64	1.47	1.81	-0.07	0.34	-1.72	-1.41	-0.31	0.32	1.45	0.91	1.24	-0.08	-0.71	-0.45	-1.44
0.04	-0.96	0.37	1.59	1.81	-0.14	0.23	-1.14	-1.49	-0.42	-0.38	0.2	1.22	-0.08	-0.3	-0.34	-0.34	0.15
-0.22	-1.58	-0.01	-0.71	0.64	-0.95	1.01	1.46	1.64	-0.27	-0.32	-1.51	-0.47	-0.5	0.86	0.38	2.1	-0.21
-1	-1.25	-2.09	-1.44	0.75	0.15	1.51	0.92	0.94	1.1	-0.8	-0.45	-0.56	0.08	1.49	0.82	1.45	0.87
0.53	1.07	0.43	0.89	0.53	-0.98	0.05	-0.52	-0.2	-1.14	-0.38	-0.79	0.33	0.37	-0.74	0.18	0.94	-1.76
-0.78	-0.61	-0.67	-0.33	-0.21	0.59	0.12	0.84	0.78	0.49	0.29	-0.71	-2.57	-0.21	0.57	2.07	0.43	0.69
-2.33	4.16	2.81	1.33	-1.06	-1.57	-2.5	-3.19	-2.11	0.52	-0.64	1.86	0.96	-0.04	0.39	-0.06	-0.19	-1.01
-1.49	-0.12	0.51	1.12	0.14	0.15	-0.62	-1.64	-0.82	0.99	0.35	1.49	1.09	0.54	-0.92	-0.26	-0.19	0.15
-0.59	-0.92	0.04	0.1	1.21	-0.1	1.01	-0.44	-0.51	-0.06	-0.03	0.2	0.15	-0.29	0.5	0.1	0.17	-0.72
0.72	0.83	1.25	0.45	0.68	-0.76	0.8	-1.91	-0.04	0.16	0.1	0.24	0.11	-0.79	0.06	-1.91	-0.48	-1.37
-0.27	1.69	0.34	-1.78	-0.67	-0.43	0.76	0.8	0.08	0.05	-0.93	-0.64	-1.14	0.16	0.61	0.14	0.06	0.44
1.21	0.54	-0.07	-0.88	0.18	-0.32	0.41	-0.48	-1.72	-0.34	-0.61	-0.33	-0.56	1.15	1.16	1.02	0.28	-1.26
-1.46	-1.89	-1.63	-3.7	-0.46	-0.84	1.58	2.97	4.53	2.11	0.48	-0.86	-0.47	-1.53	-1.4	0.7	3.05	2.31
-0.18	1.53	0.02	-1.03	-0.6	0.01	-0.16	-1.52	0.7	0.67	-0.16	0.99	-0.43	0.58	-0.78	-0.34	-0.08	0.11
-1.36	-1.25	-1.19	-1.32	0.32	-0.18	2.04	1.03	2.38	0.6	0.99	-0.11	0.29	0.33	-0.01	-0.38	-0.05	0.18
0.38	0.16	-0.72	-0.68	0.39	1.11	2.08	0.95	2.23	0.78	-1.44	-2.15	-1.85	-0.91	-0.19	-0.02	-0.23	0
0.65	-0.81	1.79	0.72	-4.19	-0.32	1.72	2.74	-2.97	2.95	0.29	-0.56	-1.41	0.49	4.08	0.82	-2.27	-1.11
-2.41	-2.53	-3.71	-4.6	-2.74	0.15	3.32	3.2	4.57	2.55	0.45	-0.75	-2.57	-0.25	1.23	2.79	4.07	2.6
-1	-1.29	-0.59	-0.48	0	0.67	2.61	2.04	1.64	-0.02	0.22	-1.36	-0.74	-1.61	0.9	-0.34	1.59	-0.83
-0.69	0.08	-1.05	-0.45	-0.35	1.91	1.47	0.8	-0.04	-0.31	-1.28	-0.48	-0.6	0.16	0.39	0.1	0.97	0.22
0.38	2.06	3.13	2.05	0.46	0.15	-1.08	-3.34	-2.5	-0.34	3.26	3.38	2.47	-0.41	-1.14	-4.96	-3.58	-3.67
0.62	-0.96	-1.85	-0.85	-0.5	0.48	1.26	0.53	0.7	0.23	0.77	-0.45	0.29	-0.46	1.05	0.3	-0.19	0.11
-1.32	1.22	1.66	-0.13	-2.42	-3.47	-1.01	1.15	1.88	1.93	1.34	0.54	-2.52	-1.73	-1.65	-0.38	1.48	2.09
-0.49	-1.98	-2.45	-2.51	-2.24	-1.86	1.33	2.74	4.81	2.66	0.8	-0.18	-2.08	0.37	-1.76	1.1	2.25	2.6
-2.7	2	1.49	-0.3	-1.63	3.05	1.47	-2.8	-1.02	-2.08	1.76	-0.33	0.87	1.57	1.85	1.87	-2.23	-3.17
-0.3	2.53	-0.59	-2.16	0.14	-0.25	1.33	-0.32	-0.51	0.05	-0.51	-0.52	-0.02	0.37	-0.45	-0.06	0.1	0.4
-1.02	-2.97	-3.32	-3.09	-1.88	-1.53	0.52	-0.28	1.6	1.5	2.24	1.79	1.22	0.54	2.58	1.99	3.23	1.55
-0.49	-0.14	0.7	1.3	1.67	0.19	-0.27	-0.4	-1.6	-1.14	1.25	-0.22	-0.6	-0.12	0.86	-0.3	-0.34	-1.4
-2.33	-1.05	0.97	1.91	1.03	0.67	-0.09	-0.52	-1.41	-1.57	1.02	2.21	1.49	0.82	1.12	0.98	-2.7	-1.19
-2.96	0.61	0.7	0.57	0.85	0.59	1.37	0.06	-0.51	-0.71	-0.45	0.08	0.47	-0.83	1.01	0.42	0.72	-0.47
0.65	-0.59	-0.83	-1.44	0.61	-0.29	1.05	0.41	0.7	1.46	0.48	-0.64	-1.41	-0.99	0.5	-0.46	0.94	0.04
0.45	-1.34	-0.56	-0.68	-0.03	0.67	1.01	0.41	-0.31	0.2	-1.15	-1.09	-0.6	0	0.68	-0.46	0.61	0.15
-3.16	0.25	2.61	3.27	0.36	0.67	-2.33	-2.45	-3.71	0.34	1.66	5.5	1.67	0.78	-1.4	-1.91	-0.41	-2.12
-1.1	-0.3	-1.3	-0.83	-1.21	1.22	0.76	1.81	0.94	0.38	-1.92	-0.64	-1.01	0.95	0.06	1.02	1.7	1.19
-0.52	0.94	1.22	0.45	-0.99	-0.76	0.02	0.34	0.9	0.23	-0.58	-1.17	-2.57	-1.78	0.28	-0.46	1.81	1.16
5.25	-0.12	-2.36	-2.02	-0.25	1.03	0.66	-0.32	-0.35	-0.24	-2.17	-1.92	-0.96	1.11	0.68	0.3	0.97	-0.43
-3.79	-1.95	3.46	-0.59	3.24	1.73	-0.02	-2.1	-4.53	-2.77	2.05	4.36	4.21	1.86	1.34	-0.1	-1.47	-3.1
-0.39	-0.7	-0.7	-0.42	-0.99	0.37	1.3	1.34	1.48	-0.45	0.48	-0.9	0.15	-0.7	0.86	-0.3	0.86	-0.39
-3.5	-3.52	-3.68	-2.42	2.1	2.5	4.99	2.43	1.68	-1.03	-2.62	-2.68	0.42	1.69	3.78	3.19	3.01	0.44
0.91	0.21	0.73	0.89	0.61	0.19	0.76	-0.05	-0.27	-1.79	-0.74	-0.67	-0.43	-0.37	0.24	0.34	-0.67	-1.11
1.28	-0.63	-1.87	-3	-2.95	-2.08	-0.98	-0.71	-0.2	0.99	1.66	2.36	2.47	1.94	1.41	-0.26	1.26	0.98
-0.69	0.58	-0.4	-0.1	-1.67	0.52	-0.59	0.61	0.98	1.64	-0.26	0.73	-1.27	-1.57	-1	-0.58	0.72	1.12
0.19	0.92	0.81	0.13	0.29	0.59	0.34	0.76	-0.86	-0.06	-0.99	-0.29	-1.05	-0.54	-0.16	-0.58	-0.37	-0.32
0.21	0.01	0.45	0.89	0.85	2.9	1.87	1.54	-0.63	-2.01	-2.85	-3.06	-1.5	0.58	1.38	-0.1	0.64	-1.51
4.6	1.91	2.53	1.94	2.95	-0.07	0.12	-3.58	-4.88	-6.13	-2.01	0.01	3.01	2.48	2.58	-1.91	-2.16	-5.83
-2.72	-3.52	-1.19	-0.27	1.46	1.29	1.3	0.57	-0.16	-2.3	-0.03	0.92	2.2	3.92	3.35	3.51	-0.88	-2.09
0.55	0.41	0.21	-0.42	-0.21	0.12	1.37	0.34	-0.16	-0.49	-1.06	-0.94	-0.34	-1.4	1.12	-0.58	1.23	-0.47
-1.73	0.21	-0.4	1.88	-0.18	1.55	-1.37	-2.84	-2.38	-1.43	-0.22	1.41	2.61	2.06	2.03	0.54	0.06	-0.75
-5.46	-4.25	-4.83	0.77	4.37	5.1	3.11	0.84	-0.78	-3.49	-2.43	-0.26	4.88	4.58	5.17	2.19	0.43	-1.11
-4.15	-2.88	-4.06	0.34	3.24	4.96	2.33	-0.25	-1.17	-2.55	-3.04	0.05	3.81	5.24	3.97	1.14	0.9	-0.9
-0.52	-0.39	-1.27	0.66	2.53	4.33	3.11	1.96	1.48	0.31	-1.28	-1.7	-2.16	-1.16	-0.34	-1.75	-1.69	-1.83
-1.05	-1.05	-1.41	-0.16	-0.57	-0.98	-0.41	-2.03	-1.64	1.32	3.84	2.17	2.2	0.74	0.32	-0.46	0.61	-0.21
0.55	0.45	-0.09	-0.04	-0.42	-0.1	0.2	0.8	1.05	-0.67	-0.13	-0.83	-0.11	-0.79	-0.38	-0.58	0.54	0
-1.53	-0.98	-3.19	-5.24	-3.34	-2.78	1.01	4.09	5.78	3.45	1.66	0.39	-0.65	-3.3	-0.85	0.94	3.67	4.61
-2.43	-1.82	1.03	2.08	1.81	1.36	0.84	-1.14	-1.02	0.02	0.8	1.79	1.85	-0.66	0.13	-1.11	-0.05	-2.01
0.28	0.56	-2.69	-3.21	-2.24	-2.7	-3.5	-2.49	-3.75	3.27	4.92	4.59	3.76	1.57	0.9	-0.26	0.61	1.59
-1.49	-0.12	1.74	2.84	0.64	-0.65	-1.62	-1.72	-2.5	-0.81	1.89	2.62	1.63	-0.74	-1.22	1.67	-1.36	-1.29
-1.82	4.53	0.1	2.52	1.67	-1.13	-1.51	-1.29	-1.06	-2.77	0.42	2.32	2.43	0.45	0.32	-2.67	-2.96	-2.09
-0.08	-0.76	-0.34	-0.51	0	1.03	2.15	0.37	1.52	0.38	0.58	-1.32	1.4	-1.12	-1.14	-0.62	-0.45	-0.29
-2.26	-1.69	-0.67	0.69	2.06	1.47	1.37	1.07	-1.49	-2.37	-1.85	-0.86	1.54	2.72	2.18	3.39	-0.85	-1.04
0.07	1.84	2.94	2.58	1.14	1.03	-1.01	-0.56	-1.02	-1.07	-0.16	0.05	-0.56	0.29	-0.78	-0.99	-5.18	-1.76
4.99	3.1	1.55	-2.31	-2.81	-6.63	-3.92	-5.05	0.27	3.16	3.68	1.33	1.76	-2.52	-1.25	-3.96	1.23	1.84
-3.16	-0.03	1.57	1.47	0.64	-0.87	-3.5	-2.22	2.89	0.78	3.52	1.14	0.51	-1.65	-0.63	-1.39	0.46	0.65
0.02	-0.32	1.08	1.12	1.25	0.34	0.48	-1.02	-1.45	-1.68	-0.58	0.24	1.31	0.04	0.43	-1.31	0.54	-0.86
-0.86	-1.49	1.03	1.01	2.28	0.81	1.37	0.14	-0.94	-1.1	-1.5	-0.22	-0.29	0.33	1.63	-0.3	0.57	-1.55
-0.66	-0.12	0.92	0.37	1	-0.73	0.23	-1.33	-0.74	-0.56	-0.1	0.08	1.18	0.12	0.79	-0.66	1.05	-0.75
-1.49	-0.52	-0.56	-0.19	-0.85	1.66	-0.23	1.07	0.66	0.13	1.18	-0.71	-1.32	-1.16	1.01	0.66	0.61	1.01
-0.44	1.75	0.18	-0.33	-0.46	-0.18	-1.79	-1.6	-0.74	0.52	0.16	1.22	0.78	4.37	-2.53	-0.83	-0.63	0.18
-0.27	-0.34	-0.94	-0.74	0.89	1.07	0.05	0.72	0.78	-1.68	0.83	-1.51	-0.87	0.58	2.25	1.51	-0.01	-1.47
-1.07	-0.28	0.34	1.35	0.36	1	-0.37	-0.98	-0.39	-0.16	0.32	1.41	0.24	0.58	-0.63	-1.19	0.35	-0.68
4.94	2.04	-0.15	-1.73	-1.38	-2.52	-2.15	-4.89	-5.28	2.26	4.35	3.57	1.45	-1.03	-0.96	-1.87	-1.76	0.65
-1.9	-0.98	-2.04	0.45	0.36	2.28	1.05	0.37	-0.78	0.23	-1.44	0.5	0.15	2.02	0.9	0.22	0.86	0.29
2.83	2.06	2.91	3.39	1.78	1.91	2.26	-0.28	-0.51	-2.33	-1.66	-1.96	-2.12	-3.3	-1.87	-2.55	-2.7	-3.35
-1.53	-0.72	-1.33	-1	1.03	0.12	1.01	0.14	-0.23	-0.06	-0.13	-0.71	-0.16	0	1.12	1.1	0.46	2.74
-0.98	-1.98	-0.15	1.65	-0.14	0.59	-0.8	-0.32	-0.63	0.7	0.1	2.81	0.96	-0.95	-1.98	0.54	-1.25	-0.07
-1.85	-0.01	0.43	1.67	0.93	0.92	-0.16	-0.52	-0.63	0.16	-0.32	1.22	0.73	1.03	-0.49	-1.19	-1.07	-0.39
-0.9	-0.81	2.12	2.66	0.78	-0.14	-0.98	-1.29	-2.23	0.05	0.19	2.47	0.78	-0.12	-1.51	-1.83	-1.32	1.34
2.03	-1.05	1.25	1.7	2.99	0.81	-0.94	-2.53	-1.92	-1.79	0	1.26	1.71	0.95	0.21	-2.27	-1.18	-2.52
-0.93	-0.83	0.92	0.13	1.78	-0.54	0.87	-1.48	-1.09	-0.6	-0.16	0.31	2.03	-0.25	0.72	-1.43	-0.01	1.23
-0.76	-0.19	0.04	1.47	0.78	-0.51	-0.98	0.37	-2.03	0.96	0.77	1.68	1.36	0.62	-1.47	-0.46	-0.7	-0.32
0.79	-0.81	-0.81	0.02	2.03	1.47	2.11	-0.56	-2.35	-2.66	-2.24	-0.48	1.8	1.36	1.56	-0.66	0.14	0.15
0.09	1.47	1.14	0.4	0.53	-0.29	0.05	-1.29	0.19	-0.53	-0.19	-0.71	-0.07	-1.03	0.43	-2.23	1.01	-0.79
-3.01	-1.62	0.78	4.26	3.84	2.24	-0.02	-0.9	-2.46	-3.64	-0.83	0.92	3.32	1.98	2.03	-0.38	-1.1	-3.56
-1.15	-0.03	1.08	1.15	0.61	-0.18	-0.23	-0.25	-0.43	1.1	0.29	1.22	-0.16	0.82	0.32	-0.1	-2.09	-0.93
-1.29	0.01	1.57	1.5	0.61	-0.07	-0.3	-1.14	-1.64	0.16	0.51	1.22	0.69	-0.25	-0.56	-0.87	-0.74	0.04
-1.56	-1.51	1.38	2.95	2.85	2.98	0.05	-1.64	-3.05	-1.79	0.29	1.11	2.38	0.21	0.46	-2.31	-0.59	-1.65
0.21	-0.67	0.56	-0.16	1.53	-0.54	0.41	-1.64	-1.37	-0.34	1.25	0.92	1.85	0.54	-0.3	-0.1	-1.32	-0.54
-3.55	-1.07	-3.19	1.06	-4.69	-6.11	-6.94	-5.67	-8.56	5.8	8.6	10.31	8.4	2.48	3.05	2.83	-1.36	3.43
-1.41	-0.83	-0.45	3.5	0.78	0.12	-0.98	0.03	-1.49	0.05	0.64	1.26	-0.74	0.41	-0.38	1.1	-0.78	-0.43
-1.8	-0.52	2.7	2.55	1.25	0.19	-2.11	-2.14	-1.52	0.16	2.75	1.94	1.36	-1.28	0.13	-1.39	-0.99	-2.05
-2.82	-2.81	0.02	1.18	1.74	3.34	1.19	0.88	-0.63	-3.17	-1.06	0.5	1.05	1.15	2.8	1.59	-0.37	-2.09
10.76	6.87	4.86	-1.81	-2.63	-4.57	-3.18	-5.24	-5.12	-3.56	-1.6	-0.41	-1.32	0.37	-1.87	-2.11	-1.36	-0.03
-1.22	-0.34	-1.38	-0.83	-1.49	-0.76	-0.48	-1.37	0	0.41	0.38	1.22	1.22	1.28	1.59	0.78	1.15	1.62
0.94	0.98	-1.35	-0.1	-1.67	1.36	0.48	0.8	-0.39	-0.49	-0.83	0.27	-0.2	-0.29	-1.33	-0.66	1.59	0.26
-2.29	-2.24	-3.76	-4.95	-4.9	-4.98	-6.34	-4.66	-6.88	5.44	8.7	9.29	8.27	4.33	3.6	2.59	0.86	3.89
-2.75	-2	3.05	3.01	3.7	0.04	-0.34	-3.42	-4.77	-1.47	-0.13	3.38	4.66	3.47	0.17	-0.38	-1.9	-2.55
-0.39	-0.72	2.61	0.95	-0.07	-1.31	0.27	-2.07	-0.47	0.74	0.9	1.26	-0.11	-0.21	-0.41	-1.63	-0.78	0.51
-2.87	-0.28	-2.64	-1.76	0.32	3.27	2.4	1.46	-0.04	-1.5	-1.73	-2.61	0.24	0.62	2.84	1.22	2.28	1.44
2.97	-0.23	-0.34	-1.06	0.11	0.67	0.2	0.45	1.05	-0.6	-0.86	-2.15	-0.78	1.32	-1.29	-1.11	1.23	-1.47
3.99	1.51	2.83	0.22	0.93	-0.03	-1.05	-0.94	-0.63	-0.81	-1.47	-0.26	-1.72	-0.66	-1.54	-2.75	-1.25	-0.97
-1.7	-0.17	3.13	2.72	1.28	-1.31	-0.94	-1.68	-3.01	0.49	0.45	2.28	0.91	-0.17	-1.73	-1.27	-1.47	1.12
-1.24	0.45	-1.02	0.6	0.96	0.52	-0.3	-2.3	-1.56	1.03	1.41	2.13	2.25	1.07	0.13	-1.43	-1.65	-0.5
-0.47	-0.61	-1.08	-0.88	-0.99	1	2.43	2.66	1.88	-1.03	-0.58	-3.06	-1.94	-0.66	1.3	0.82	2.17	0.04
-0.66	-1	0.18	0.98	0.82	1.73	0.41	-0.75	-1.17	-0.96	0.29	0.2	-0.16	-0.58	0.1	-1.03	0.06	1.84
-1.17	1.49	2.42	1.65	0.85	-0.51	-0.09	-1.48	-1.45	-1.72	-0.35	-1.47	-0.74	-0.04	0.86	-0.95	0.43	0.22
-0.66	-0.45	-0.37	-0.59	0.14	1.14	1.01	1.96	1.29	-0.89	-0.35	-1.51	-1.14	0	0.43	0.74	0.17	0
-1.29	0.69	-1.95	-2.22	-2.66	0.08	0.59	2.04	2.19	0.89	0.61	1.56	-0.74	-0.87	-0.23	0.46	1.01	1.37
-0.81	-0.14	0.1	0.37	1.21	0.52	1.55	0.37	0.27	-0.74	-1.69	-1.77	-0.38	-1.49	1.23	-0.34	1.52	0.51
-1.49	-1.36	1.47	2.69	3.66	0.3	-0.23	-2.84	-3.13	-1.75	0.1	2.7	2.92	0.08	0.39	-0.95	-1.39	-0.68
0.14	-0.23	-0.07	0.57	-0.64	0.78	-0.12	0.41	0.16	-1.07	-1.37	0.8	1.05	1.65	-0.12	-4.44	0.61	-0.93
1.04	-0.23	-0.91	-1.41	0.96	-1.28	-0.62	-1.1	0.43	-1	2.33	0.65	1.94	0.21	-1.58	0.14	-0.7	1.44
-0.59	-0.36	-0.48	-0.21	-0.21	-0.18	1.65	-0.09	0	-1	-1.69	-0.75	0.06	-0.37	1.45	0.94	1.08	1.59
-0.52	-0.65	-0.48	-0.71	-0.39	0.7	0.52	-0.4	0.12	0.16	-1.28	0.2	0.15	-0.79	0.57	0.42	0.97	2.52
-0.44	-0.03	0.29	0.34	-0.57	-0.69	0.91	0.41	1.09	0.05	0.26	-0.79	-0.65	1.86	-0.3	-0.66	-0.01	0.18
0.5	-0.01	0.1	-0.77	-0.6	-1.61	-0.41	1.46	1.56	2.55	0.32	0.05	-1.14	-1.07	-1.43	-1.51	0.72	2.24
-1.12	-1.14	-1.52	-3.03	-2.34	-2.63	0.52	-0.05	2.73	3.02	2.75	2.28	0.6	-1.65	0.43	0.46	1.52	1.55
1.06	0.54	0.64	-0.42	-0.6	-0.98	-0.41	-0.56	-0.59	0.56	0.22	0.01	-0.83	-1.4	-0.05	-0.26	0.1	1.44
0.02	-0.52	-0.61	-0.36	-0.14	-0.43	0.8	0.37	0.86	-0.02	0.54	0.12	-0.16	-0.62	0.21	0.46	0.21	-0.14
-3.45	3.32	-2.5	-2.66	-1.99	-0.76	1.83	2.12	3.01	0.31	0.1	-1.09	-1.99	-1.86	0.35	2.19	2.43	1.52
-0.73	-0.65	1.19	1.73	0.36	-0.4	-0.73	-1.1	-0.98	-0.96	0.99	1.64	0.91	0.12	-0.08	0.18	-0.7	-0.83
0.21	0.03	-0.37	-0.94	0.82	-0.76	0.05	-0.13	0.35	-0.06	0.06	0.05	-0.29	0.62	0.13	-0.1	0.61	-0.11
3.27	-1.53	-2.26	1.01	-1.17	0.96	0.62	-0.05	0	0.74	-1.66	0.12	-1.63	-0.7	-1.95	-1.71	-0.16	0
-1.75	1.05	0.23	1.41	-0.57	-1.2	-0.27	-0.09	4.1	-0.56	0.61	-0.94	-0.69	-1.57	2.03	-1.43	-0.92	0
-0.03	0.5	1	-1	-2.27	-1.5	-3.53	-1.45	0.94	4.94	3.45	1.9	-0.78	-1.45	-2.06	-3.08	0.24	2.78
-1.32	-0.7	-0.56	-0.04	0.5	1.8	1.19	1.19	-0.39	-1.79	-0.86	-0.29	0.06	0.25	1.74	1.59	-0.19	-0.61
-2.77	-0.59	1.49	3.16	4.05	2.06	0.84	-2.88	-2.85	-0.34	-1.28	2.89	3.05	0.99	-0.92	-0.91	-2.23	-2.81
0.38	-0.12	0.81	1.27	1.14	1.14	0.2	0.45	-0.94	-1.65	0.35	-0.37	-1.18	-0.5	-0.05	0.1	-1.28	-0.75
-1.12	-1.64	-0.59	0.45	1.6	1.91	1.37	-1.1	-1.45	-1.07	-0.67	-0.45	-0.29	0.66	1.3	0.9	0.97	0.94
-0.83	-1.51	0.1	0.72	1.92	0.52	0.91	-0.86	-0.98	-1.28	-0.64	-0.07	1.36	0.25	0.5	-0.14	0.46	0.87
0.33	-0.25	-0.4	-0.33	-0.85	1.33	1.05	1.03	0.94	0.45	-1.69	-1.28	-0.29	-1.4	-0.12	0.54	1.26	0.08
-0.98	-0.3	0.34	1.47	0.82	0.7	-0.3	-0.21	-1.99	-1.21	-0.93	0.46	0.38	-0.41	0.35	-0.62	0.75	1.88
0.04	-0.23	0.43	0.92	1.6	-1.13	-0.27	-0.21	-0.27	-0.53	-1.09	-0.22	0.56	-0.46	0.94	-0.95	-0.08	0.76
0.96	0.83	0.53	0.34	-0.25	0.04	-0.09	-1.68	-0.51	-0.49	-0.38	1.33	0.02	-0.29	-1.14	-0.75	-0.41	0.47
0.45	0.74	0.12	1.41	-1.1	-1.5	-0.48	-0.59	0.66	0.6	0.99	0.5	0.02	-0.87	-0.41	-0.62	-0.63	-0.68
0.79	0.03	-0.89	0.8	-0.64	0.04	0.37	1.3	1.29	-0.09	-0.96	-0.56	-0.6	-0.54	0.03	-0.02	-0.23	0.58
-1.19	0.12	1	1.73	-1.78	0.3	-0.05	-1.64	-0.82	0.09	0.16	2.36	0.38	0.91	-1.4	-0.06	-0.85	-1.08
-0.1	0.52	-0.15	-0.59	0.5	2.02	1.83	1.88	0.59	-0.34	-2.62	-2.64	-0.92	-0.46	-0.05	-0.66	1.34	-0.14
-0.37	-1.03	-2.01	-2.13	-1.38	0.34	1.33	1.38	1.33	-0.24	-0.54	-1.09	-2.03	-0.25	1.56	3.47	1.66	2.16
-0.44	0.89	0.4	1.88	1.17	1.62	-0.34	-0.28	-2.03	-0.34	-1.57	-0.22	0.73	0.62	-0.19	-1.55	-0.3	-0.97
-0.1	-1.16	-1.11	-0.62	0.61	-0.4	1.26	0.95	-0.51	-0.85	-1.57	-0.18	-0.02	0.37	0.54	1.1	0.17	1.08
-0.71	-0.65	-0.15	1.65	1.17	1.51	0.94	0.68	-1.84	-2.01	-0.64	1.11	0.56	0.25	0.43	0.5	-0.88	-1.37
1.18	0.21	-0.89	-2.1	-0.99	-0.18	-0.41	0.45	0.94	0.63	0.86	-0.75	-0.38	-0.62	-0.08	-0.58	1.01	1.62
0.53	1.05	1.19	0.8	-0.25	-1.71	-1.01	-1.95	-1.6	-0.42	0.19	0.61	1.27	-0.12	0.61	-0.99	0.32	-0.18
0.7	-0.34	0.02	0.63	0.57	-0.14	0.02	0.37	0.27	0.56	-1.47	0.43	0.87	-1.65	-2.38	1.18	0.24	0.11
-4.2	-3.9	-0.86	0.86	3.63	2.02	2.86	-0.9	-0.47	-4.54	-1.69	-0.83	3.36	2.81	5.21	3.31	1.15	-1.87
0.21	1.36	0.1	-0.62	-0.28	-0.43	0.52	-0.01	-0.23	-0.63	-0.06	-0.64	0.47	-0.29	0.76	-0.91	0.43	1.52
0.5	0.08	1.14	0.31	1.03	-0.8	-0.19	-0.56	0.23	-0.49	0.16	0.01	0.15	-0.87	-0.6	-1.47	-0.3	0.69
-0.03	-0.5	0.18	-0.19	0.57	-0.29	0.12	0.49	0.62	-0.34	-0.16	-0.56	1.05	-1.03	-1.14	-1.35	2.21	2.81
-1.61	0.16	-2.5	-1.41	-1.99	-1.17	-1.37	-2.72	-3.32	2.44	4.25	5.5	3.94	1.28	0.54	-0.14	-0.08	0.26
0.57	-0.32	-1.22	-0.8	-0.5	-0.65	0.91	0.26	0.66	0.23	0.16	0.46	0.91	-0.91	0.65	0.54	-0.85	0.58
1.21	2.81	1.05	-1.26	0.07	-1.64	-1.54	-0.83	0.7	0.2	2.08	-1.32	-1.67	-2.39	1.01	-0.95	-0.81	-0.21
0.6	-0.85	0.48	0.08	1.17	-0.73	0.34	0.45	0.47	-0.81	-0.51	-1.28	-0.11	-0.74	0.43	-0.79	0.5	1.23
-0.39	0.34	0.07	0.6	0	0.81	0.44	0.68	-0.82	-0.92	-1.66	-1.01	-0.25	-0.04	0.1	-1.47	1.23	2.13
-0.44	-1.53	-1.13	-0.59	1.14	-0.14	1.4	0.1	0.39	-0.63	-0.58	-0.56	0.73	0.21	0.9	0.46	0.86	1.37
0.21	-0.3	0.18	0.28	0.5	-0.47	0.37	-1.25	0.35	0.56	0	0.12	0.6	-0.79	-0.89	-0.91	-1.65	1.73
-0.61	-1.05	0.81	-0.65	-1.42	0.63	0.41	0.72	-0.08	-0.38	-1.25	1.14	0.64	-0.79	-1.54	-0.83	0.97	1.59
-2.33	0.5	-3.05	-1.49	-3.38	0.7	0.52	2.81	2.58	0.67	-0.77	-0.22	-0.51	-1.69	0.43	1.34	3.92	2.52
0.02	0.54	1.44	2.23	0.25	-0.58	-0.66	-1.21	-1.41	-1.18	-0.48	0.77	0.69	-0.5	0.06	-0.38	-0.45	-0.61
-0.95	-0.19	-0.12	0.74	0.96	0.96	0.94	2.5	0.35	1.1	-0.64	-0.03	0.2	-0.46	0.03	-0.18	-0.63	-0.47
-1.05	-0.67	0.26	2.34	1.74	1.25	0.94	-0.83	-1.56	-2.01	-0.58	0.88	1.63	0.7	0.43	-0.3	-0.59	-1.94
0.24	-0.78	0.02	-0.56	0.93	-0.91	0.91	-0.71	0.19	-0.56	0.32	-0.18	1.09	-0.58	0.83	0.1	0.57	-0.29
-0.15	0.89	-0.72	1.53	0.53	-1.17	-0.34	2.97	-0.2	-0.27	-0.13	0.39	-1.18	0.78	-0.08	0.42	0.17	1.26
0.26	-0.36	0.29	-0.21	0.29	-0.87	0.98	-0.67	0.31	0.38	-0.19	-0.11	0.02	-0.41	0.28	-0.54	0.14	0.36
1.16	-0.08	-0.64	0.25	0.39	-0.65	0.23	0.06	0.47	-0.67	-0.48	-0.14	0.87	-0.79	-0.12	0.1	-0.16	-0.11
2.97	-0.72	0.56	1.41	-0.74	-1.31	-1.05	-2.45	-1.92	1.21	1.44	2.09	2.47	0.04	-1.65	-2.87	-3.72	-1.26
-0.32	-0.63	-0.56	-0.1	-0.25	-0.32	0.2	-0.25	-0.08	-0.53	0.67	-0.11	0.2	-0.62	1.23	-0.34	1.41	0.94
-2.02	-0.92	-1.24	-1.61	0.61	0.7	1.15	0.95	-0.82	-0.49	-1.53	0.39	0.33	1.44	0.61	0.58	0.86	1.8
-2.24	-2.97	-2.67	-4.84	-0.92	-5.75	1.55	-0.4	3.79	3.6	2.62	2.47	2.96	2.48	1.92	2.27	-2.56	4.69
0.48	0.08	1.3	-0.77	0.82	0.63	0.02	-0.4	-0.59	-0.34	-1.44	0.08	0.15	-0.58	-3.15	-0.42	0.39	-0.03
-0.52	0.41	2.2	1.18	-0.64	-0.51	-1.08	-1.56	-0.94	1.03	1.02	2.93	1	0.58	-3.08	-1.51	-1.25	-0.39
0.55	-0.28	0.45	-0.19	0.29	0.34	0.34	1.23	-0.39	-0.63	-0.54	-0.79	-0.38	0.08	-1.07	0.14	0.43	0.26
-0.47	-1.34	-0.75	0.05	2.28	1.62	2.5	0.37	-0.94	-2.15	-2.33	-1.62	0.6	1.07	1.45	0.58	0.75	0.11
-0.69	-1.05	-1.82	-1.93	-1.28	-1.17	1.33	1.26	2.62	1.97	0.48	0.43	-0.56	-0.87	-0.3	0.7	1.01	1.95
0.07	1.18	0.59	-0.97	1.03	-0.58	0.02	0.03	0.19	-0.53	0.19	-2.34	-0.56	-2.64	0.43	-1.11	-0.81	1.52
0.14	-1.09	1.88	1.7	1.81	2.98	-0.16	-2.76	-4.1	-0.24	2.14	1.94	1.22	0.37	0.39	-2.07	-2.41	-2.7
1.25	0.43	0.84	-0.3	0.93	-1.64	0.12	-0.48	-5.63	-0.49	-0.77	0.5	-0.74	-0.37	0.65	-0.83	-1.07	0.8
-0.15	2.13	4.39	2.95	1.03	-0.58	-0.94	-0.05	0.43	1.07	1.92	0.2	-2.57	-4.13	-3.99	-3.6	-1.83	-1.37
-0.61	-0.59	-0.07	-0.83	0.11	0.04	0.02	1.69	-0.27	-0.16	0.19	-1.36	-2.48	0.29	1.85	1.22	1.77	-0.21
0.53	0.58	0.26	-0.19	0.32	-0.65	0.27	-0.52	0.16	-0.24	-0.29	-0.67	1.31	0.82	-0.19	-1.31	-0.85	0
-1.87	-1.75	-0.29	0.25	0.07	1.03	3	1.81	2.03	-0.2	0.26	0.54	0.29	-1.4	-0.74	-0.79	0.06	-0.14
-1.15	-0.3	-0.64	-0.27	-0.6	0.85	1.62	2.31	-0.55	-0.34	-1.47	-1.47	0.24	0.82	2.07	2.19	-0.96	-0.68
-1.12	-0.36	1.63	1.01	0.89	0.23	0.34	-0.75	-1.49	-0.45	-1.34	0.69	0.6	0.29	-0.56	-0.14	-1.32	2.06
-4.83	-4.03	-0.94	1.67	3.17	3.6	2.79	1.23	-0.86	-2.26	-2.49	0.2	1.85	3.05	1.59	1.83	1.12	-0.61
-1.17	-1.16	-1.46	-0.68	0.39	-0.4	1.79	0.22	0.08	0.16	-0.45	-0.26	0.42	0.7	1.05	0.06	0.54	2.24
-0.1	0.1	-1.02	-1.2	0.04	0.59	0.8	0.41	0.27	-0.31	-1.6	-0.37	0.29	0.78	-0.34	0.54	0.54	0.36
-2.12	-1.29	-3.65	-2.83	-2.77	-0.29	1.79	3.16	4.22	1.21	-0.19	-0.79	-2.34	0.04	0.61	2.39	3.63	3.28
-1.44	0.41	3.02	3.5	2.13	-0.18	-1.76	-2.38	-3.95	-1.43	1.09	2.77	1.13	0.58	0.43	-2.19	-1.65	-1.98
-1.8	-1.75	-1.6	-1.99	-0.89	1.47	1.65	2.31	1.37	1.36	-0.19	-1.05	-1.54	0	0.65	0.9	1.77	2.38
-2.82	-2.95	-4.58	-0.27	-2.06	-3.14	-3.5	-3.3	0.7	7.29	6.65	6.3	3.9	1.86	-1.95	-0.95	-0.7	4.22
-5.87	-4.65	1.74	5.77	5.4	2.83	0.23	-3.65	-4.22	-5.41	-0.16	4.78	6.97	4.08	3.05	-0.38	-1.72	-3.42
-0.22	0.05	0.32	-0.91	0.07	-0.21	0.09	0.37	0.23	-0.31	0.48	-0.86	-0.29	-0.46	0.68	-0.5	0.61	0.8
-0.61	-0.3	0.26	2.14	0.71	0.23	0.34	-1.79	-1.17	-1.1	0.03	1.9	1.45	0.74	-0.38	-0.06	-1.28	-0.97
-1	-1.09	1.27	1.12	-0.07	1.18	0.09	0.26	-0.47	-0.92	-0.1	0.96	0.02	-0.29	0.72	0.02	-0.05	-0.25
-0.86	-1.16	2.81	2.52	1.25	2.13	0.16	-2.26	-2.07	-1.36	0.99	2.09	0.96	-1.07	-0.38	-1.43	-1.47	-1.73
0.53	-1.45	-0.37	0.13	0.04	-0.18	-0.23	-0.13	-1.33	-0.13	0.35	1.94	0.64	-0.17	-0.41	-1.19	-0.08	3.57
-0.9	-1.64	1.25	1.3	1.1	1.4	-0.05	0.06	-0.16	-1.65	0.1	0.43	0.78	-0.12	0.54	-0.87	-0.85	0.11
-2.29	-1.09	-2.2	-2.13	-4.12	-2.52	1.01	2.16	4.34	2.84	1.31	0.58	-1.05	-1.12	0.39	1.67	2.03	3.46
-0.44	1.67	-0.29	0.1	1.46	0.26	2.4	-0.21	-0.51	-1.94	-1.53	-1.58	-1.5	-0.17	1.01	-1.11	0.83	0.26
-1.68	-0.74	-0.09	-0.1	1.53	1.33	0.02	1.5	0.04	-1.14	-2.21	-0.48	-0.6	0.99	1.41	1.3	1.19	-0.43
-2.12	-1.69	1.25	1.33	2.13	1.4	-1.08	-0.21	-0.39	-1.39	0.03	1.3	0.82	0.62	1.01	-0.46	0.14	-1.11
-3.42	-1.42	3.74	5.77	2.53	0.74	-1.54	-5.12	-6.06	-3.85	1.06	5.99	4.7	2.93	0.72	-1.31	-1.36	-3.67
-0.73	-0.32	0.45	-0.91	0.5	-0.58	0.52	-0.01	0.43	-0.6	-0.96	-0.6	0.56	-0.25	0.68	-0.5	0.75	2.38
-2.72	0.56	2.75	1.53	1.39	-1.2	-0.34	1.03	1.09	0.13	0.03	-1.47	-1.72	-1.2	0.28	-1.03	0.75	-0.72
-2.72	-0.7	3.68	3.42	0.5	-1.9	-0.98	-2.3	-3.01	-1.61	2.65	3.83	1.63	0.04	-0.92	-1.31	-1.83	0.87
-1.41	1.03	-0.75	-1	0.25	0.3	1.01	0.26	-0.59	-2.08	-2.01	-0.11	1.13	1.32	1.16	0.66	1.19	2.38
0.36	0.54	1.79	-0.39	-0.5	0.7	3.21	2.97	0.04	-1.03	-0.61	-1.09	-2.12	-1.86	-0.92	0.46	-0.01	-0.18
-0.86	-0.89	2.48	1.79	0.11	-0.91	-1.05	-2.41	-0.98	0.09	2.14	2.89	0.82	-0.62	-0.23	-1.03	-0.88	-1.01
0.48	-0.21	-0.5	-0.33	0	-0.4	0.44	-0.32	0.08	-0.13	-0.96	-0.41	-0.56	0.54	0.17	-1.07	0.39	2.81
-0.88	2.61	1.57	1.85	0.89	-0.21	-0.41	-1.64	-0.98	-0.63	0.42	1.18	0.73	-0.87	-0.19	-0.18	-1.36	-0.25
-0.76	3.01	0.43	0.05	-3.02	-3.73	-2.15	-1.95	1.17	2.55	1.73	2.55	0.11	-1.32	-2.31	-0.18	0.06	1.88
-0.3	-1.6	-0.75	-1.55	1.14	1.33	1.65	1.5	0	-0.81	-0.64	-0.14	-0.16	0.37	1.23	0.66	1.26	0.29
-0.2	1.05	-0.07	0.02	-1.24	0.23	0.44	-0.32	0.51	0.89	-1.25	-0.18	-0.38	0.12	-0.85	-0.18	0.21	0.83
-0.03	0.39	0.18	1.88	0.11	1.22	0.98	-0.4	-0.86	-1.18	-1.18	0.08	0.6	1.24	0.13	-0.5	-2.27	-0.86
-1.1	0.67	-1.85	-1.09	0.32	2.1	0.44	-0.63	-1.95	-2.73	-1.12	1.03	2.38	1.86	2.47	0.26	1.88	-0.32
-0.06	0.36	-0.18	-0.74	0.04	0.78	0.73	-0.09	-0.94	-1.57	-1.47	-0.45	0.42	0.08	0.86	-0.62	1.45	1.55
-0.08	-0.48	-0.61	-1.26	-0.74	-0.29	1.3	0.14	1.09	0.2	-0.35	-1.01	-0.34	-0.54	0.72	-0.3	0.86	2.49
-5.73	-0.32	-5.43	-6.64	-4.94	1.44	3.61	5.95	5.67	3.34	0.1	-0.83	-2.08	-0.58	0.5	2.91	4.94	4.4
-2.38	-0.74	2.45	2.84	0.82	-0.36	-0.9	-1.56	-1.56	-1.18	2.17	2.36	1.18	-0.33	0.43	-0.83	-0.74	-1.73
-0.73	-0.83	0.37	-0.19	0.43	1.58	0.8	1.15	0.74	-0.49	0.06	-1.13	-1.09	-1.03	0.54	-0.46	0.86	-0.07
-0.95	-1.23	2.12	3.74	2.28	0.12	-1.3	-2.41	-2.54	-2.41	0.86	2.81	2.47	0.12	0.03	-1.19	-0.88	-1.91
-0.64	-1.42	-0.04	0.05	0.25	1.73	-0.3	0.41	-0.47	-0.67	0.35	-0.29	0.15	0	1.19	-0.38	1.7	-0.32
4.53	-1.2	-0.78	0.16	0.53	0.92	1.26	-1.56	-1.52	-1.61	-2.88	0.12	0.64	2.35	1.34	1.06	-1.07	-1.37
-4.81	-1.25	-0.29	-2.69	-2.27	-3.25	2.08	2	5.43	3.09	1.95	-1.43	-0.83	-2.27	0.94	-0.26	4.21	3.28
0.21	-0.5	0.89	0.28	0.43	1	0.41	-0.71	0.23	-0.02	-0.42	-1.85	-0.43	-0.29	0.35	-0.75	0.72	-3.49
0.21	-1.4	-2.01	-5.39	-3.91	-2.63	1.69	2.19	5.7	3.24	1.5	-0.29	-1.72	-2.81	0.21	0.46	4.72	2.81
1.45	0.85	-0.2	-1.32	0.25	-1.28	-0.59	1.3	1.52	0.89	0	-0.22	-2.16	-0.95	0.03	-1.55	0.79	1.08
0.41	0.45	0.4	1.12	1.57	-0.29	-0.12	-1.06	-1.37	-1.1	-0.38	-0.79	-0.34	-0.5	0.79	-0.02	-0.81	-0.14
-0.73	2.79	4.88	4.03	2.31	-0.51	-1.08	-1.6	-1.92	-1.79	-1.37	-1.77	-1.45	-1.45	0.28	-1.71	-2.67	-2.01
0.16	0.94	-0.07	-0.21	-3.66	0.34	0.66	0.34	0.86	-1.86	0.03	-0.33	-1.36	-1.36	-1.47	-0.34	0.1	-0.68
-0.59	-0.78	2.59	1.82	2.03	-0.43	-0.41	-2.72	-1.76	-0.85	0.74	1.18	1.85	0.08	-0.16	-1.27	-1.18	-0.79
-1	-1.16	3.08	2.02	2.06	-0.03	-1.05	-1.95	-1.88	-1.18	0.64	2.47	1.67	0.25	-0.05	-2.03	-0.27	-1.98
-1.92	-0.45	3.16	2.46	0.57	-0.43	-1.76	-2.18	-1.6	-0.42	2.11	3.08	0.15	-0.37	-0.45	-1.11	-1.14	-0.61
-1.66	-0.32	3.3	2.46	0.39	-1.64	-1.83	-2.92	-1.21	-0.2	1.95	3.76	0.11	-0.37	-1.22	-0.91	-1.18	0.36
-0.9	-0.96	2.59	1.53	0.53	-0.43	-0.98	-2.07	-1.13	-0.13	1.22	2.4	1	-0.66	-0.34	-0.83	-0.3	-0.9
